4	CX59	-0.217719573872	0.843899856097	-0.327222064634	
4	CX65	-0.172048629928	0.8572225302	-0.289339401361	
4	CX67	0.293530851749	0.16084034829	-0.280897350594	
4	CX104	-0.174573671157	0.80947742561	-0.326428188514	
4	CX143	-0.211468474352	0.844340185531	-0.338309461261	
4	CX149	-0.177101728584	0.848443096468	-0.290371387744	
4	IRIS_313-8268	-0.0936570309451	0.694342001905	-0.213639527665	
4	IRIS_313-8326	-0.0590121312824	0.676828746741	-0.0758352988184	
4	IRIS_313-8385	-0.0535307617764	0.666485074478	-0.0666714413833	
4	IRIS_313-8656	-0.16100112978	0.764597647706	0.0760413052713	
4	IRIS_313-8712	-0.0629278649104	0.710300631005	0.122545861855	
4	IRIS_313-8747	-0.174708138988	0.869487182615	-0.279768633467	
4	IRIS_313-8813	-0.16101813616	0.788254170092	0.102943314691	
4	IRIS_313-9083	-0.169696055748	0.840577860971	-0.288774160448	
4	IRIS_313-9172	0.163923021892	0.299431074428	0.0366744332456	
4	IRIS_313-9601	-0.169721659215	0.816872901893	-0.27619662554	
4	IRIS_313-9629	-0.215365056895	0.855168739906	-0.329264892468	
4	IRIS_313-10670	-0.13098701792	0.783933578222	0.142464419669	
4	IRIS_313-10851	-0.153620141695	0.731811080119	0.081976598966	
4	IRIS_313-10868	-0.207924662009	0.845738866897	-0.331985817099	
4	IRIS_313-10926	-0.0879006404218	0.742427495266	-0.207170743966	
4	IRIS_313-10933	-0.0962543153272	0.722066111453	0.101373912546	
4	IRIS_313-11021	-0.157379602986	0.768365301359	0.0904218662402	
4	IRIS_313-11022	-0.153481902287	0.779399207614	0.0963431715261	
4	IRIS_313-11023	-0.16086794485	0.776114993484	0.0974391385969	
4	IRIS_313-11026	-0.182792857142	0.858008569532	-0.292947533379	
4	IRIS_313-11218	0.0654253882217	0.412950868192	-0.254149994805	
4	IRIS_313-11258	-0.187744051564	0.81967485446	-0.329557674028	
4	IRIS_313-11268	-0.0662663755902	0.710444604942	0.123583400662	
4	IRIS_313-11289	-0.0662943088496	0.713667425687	0.132001782492	
4	IRIS_313-11293	-0.0978191602319	0.686774641942	-0.0629254045275	
4	IRIS_313-11451	-0.218231342738	0.838175311119	-0.312696565748	
4	IRIS_313-11564	-0.0881251073065	0.723214103963	0.114523051282	
4	IRIS_313-11567	-0.221295930338	0.803538951866	-0.372301883433	
4	IRIS_313-11625	-0.106230515742	0.734301154799	-0.218269233669	
4	IRIS_313-11627	0.100055521816	0.585739019911	0.15320949598	
4	IRIS_313-11630	-0.100452198118	0.750917639008	-0.202643765972	
4	IRIS_313-11632	-0.181090261913	0.818024472203	-0.339368451647	
4	IRIS_313-11743	-0.19413196256	0.738357820853	-0.171802313396	
4	IRIS_313-11825	-0.216239459718	0.849649050619	-0.32897742952	
4	IRIS_313-11826	-0.0259428956017	0.594563253976	-0.0974024896249	
4	IRIS_313-12074	-0.0949712392275	0.743586815888	0.11403869985	
4	IRIS_313-12094	-0.218766545811	0.808030245306	-0.366767119341	
4	CX66	0.286914651678	0.165276864219	-0.300059822907	
4	CX110	-0.488564608128	-0.13771299084	-0.364864567966	
4	IRIS_313-8765	-0.139636755881	0.758069055017	-0.205492512681	
4	IRIS_313-8814	-0.168129772904	0.782119070911	-0.332721394109	
4	IRIS_313-9170	-0.0877910751838	0.724954798371	0.0909796375666	
4	IRIS_313-9445	-0.0483183107817	0.427559906861	-0.398527551058	
4	IRIS_313-9682	-0.0669217708662	0.692228746944	0.0818573141355	
4	IRIS_313-10521	-0.211271898091	0.840446594641	-0.329290860823	
4	IRIS_313-10732	-0.222813291675	0.810671973237	-0.370873211376	
4	IRIS_313-11030	-0.279072638458	0.229322922339	0.305306214642	
4	IRIS_313-11259	-0.0470258593764	0.673445540635	-0.0525041651846	
4	IRIS_313-11350	-0.217372108332	0.836122033298	-0.352417882966	
4	IRIS_313-11356	-0.21887598653	0.855231918087	-0.329054516395	
4	IRIS_313-11362	-0.216213937593	0.85487641865	-0.332327825945	
4	IRIS_313-11373	0.181523169215	0.572653951035	0.137294591683	
4	IRIS_313-11375	-0.184024494294	0.00101786109268	-0.316634385583	
4	IRIS_313-11401	-0.127626040595	0.760682957627	-0.197708896954	
4	IRIS_313-11698	-0.107465851607	0.746971093981	-0.212830274939	
4	IRIS_313-15909	-0.170895947277	0.794070775709	-0.290410485126	
5	B023	0.472673262064	-0.0427522410184	0.033421029429	
5	B047	-0.0422394829079	0.132214049073	0.155992753378	
5	B084	0.295893956874	0.440828948126	0.0607056001376	
5	B086	0.66889450108	-0.132769731206	0.0830854874119	
5	B124	0.167781020868	0.0681660816848	0.00986674248598	
5	B143	0.447909031207	0.0141382552391	-0.0478796047299	
5	B152	0.0009683512565	0.119925768236	0.243085750247	
5	B164	-0.237875080575	0.165432331284	0.314596539523	
5	B173	0.13172391388	-0.00309235645248	-0.0846314356036	
5	B221	-0.198807025929	0.130813337949	0.182100497304	
5	B243	-0.239684393634	0.16918213863	0.345736385483	
5	CX46	-0.44160155594	-0.375981506648	-0.146793705141	
5	CX72	-0.12486438231	0.715691757038	0.0568244268476	
5	CX155	-0.282850396417	0.341073065249	0.366624949945	
5	CX227	-0.22209138778	0.162312090253	0.168261878871	
5	IRIS_313-7933	-0.0927548228145	0.757320744946	0.129339535591	
5	IRIS_313-8256	0.72578215331	-0.130896335176	0.0233394338534	
5	IRIS_313-8302	0.683307157799	-0.134589440496	0.0812470527438	
5	IRIS_313-8382	-0.500986877365	-0.283618796918	-0.381537967749	
5	IRIS_313-8436	0.394364102428	0.0232445930043	-0.245537479902	
5	IRIS_313-8872	0.667255228964	-0.149895707238	0.0771805860337	
5	IRIS_313-8911	-0.156494556179	0.147061713068	0.273478673599	
5	IRIS_313-8986	-0.296804583128	0.181786112263	0.130703675702	
5	IRIS_313-9053	0.716364280423	-0.148271106931	0.0516951194452	
5	IRIS_313-9101	0.0637159369827	0.140984555463	-0.204061526979	
5	IRIS_313-9137	-0.211232338101	0.154622093282	0.219481592577	
5	IRIS_313-9242	-0.122951360429	0.14625386945	0.262978289945	
5	IRIS_313-9313	-0.282245861657	0.153734779393	0.114135297666	
5	IRIS_313-9392	0.120782451952	0.0908818598366	0.0690423693297	
5	IRIS_313-9403	-0.380054156505	0.570212575373	0.36753336829	
5	IRIS_313-9506	0.289152182119	0.0754099510429	-0.271433774356	
5	IRIS_313-9695	-0.301598031187	0.208285378696	0.40421008155	
5	IRIS_313-9783	0.720736199286	-0.151159280247	0.0323237125639	
5	IRIS_313-9949	0.453421755803	-0.042119123421	-0.0280509624934	
5	IRIS_313-10562	-0.131974971429	0.187693620055	0.255614252082	
5	IRIS_313-10609	-0.138001353647	0.16656035296	-0.543229014453	
5	IRIS_313-10671	-0.281264428717	0.182345687225	0.124880222944	
5	IRIS_313-10676	-0.309576153015	0.222836637664	0.395472184887	
5	IRIS_313-10738	-0.699009274309	-0.430242790406	0.269015790335	
5	IRIS_313-10740	0.456848416963	-0.0488817611298	-0.015914947132	
5	IRIS_313-10771	0.115129194834	0.136338543912	-0.132130016602	
5	IRIS_313-10785	0.452318309815	-0.0517284657885	-0.0128113502344	
5	IRIS_313-10786	-0.321805481865	0.0671805550836	0.241611632137	
5	IRIS_313-10787	0.0142130590791	0.127457586099	-0.18525859106	
5	IRIS_313-10790	0.712943890162	-0.146295237813	0.0375312821266	
5	IRIS_313-10800	0.454753907015	-0.0600156317837	-0.00694784965463	
5	IRIS_313-10816	0.454786756734	-0.0430682090623	-0.00684483516044	
5	IRIS_313-10817	0.399456233954	0.0184164440685	-0.222540106714	
5	IRIS_313-10850	-0.183414873505	0.135126370316	0.150536087191	
5	IRIS_313-10854	-0.237628204146	0.17894267302	0.340406141729	
5	IRIS_313-10856	-0.311213653859	-0.0440062430554	-0.263944019194	
5	IRIS_313-10857	-0.278728260366	0.149841855318	0.118439709999	
5	IRIS_313-10859	-0.323037998755	0.214267098573	0.106250952795	
5	IRIS_313-10861	-0.23881865857	0.180064976222	0.345439495668	
5	IRIS_313-10864	0.388032228714	0.142608330706	0.100610725183	
5	IRIS_313-10871	-0.245831284486	0.170189270648	0.346499148066	
5	IRIS_313-10872	0.469679459095	0.0431245610835	-0.00968491444344	
5	IRIS_313-10873	-0.235868412862	0.179399441507	0.342454506829	
5	IRIS_313-10876	-0.238091765982	0.180086161392	0.343837955767	
5	IRIS_313-10877	-0.235492349377	0.176450141859	0.339848666071	
5	IRIS_313-10878	-0.238604904435	0.179923916701	0.343444275867	
5	IRIS_313-10879	-0.215475808717	0.161443529553	0.225151521551	
5	IRIS_313-10881	0.733262772977	-0.147318721205	0.0307643238852	
5	IRIS_313-10882	-0.222304421157	0.174214499998	0.250421820547	
5	IRIS_313-10883	0.724163909418	-0.155387024054	0.0454381751021	
5	IRIS_313-10891	-0.218430269209	0.169087597559	0.214571812695	
5	IRIS_313-10892	-0.237504417702	0.178398200459	0.332126844744	
5	IRIS_313-10894	-0.444822347083	0.629550514108	0.415876459082	
5	IRIS_313-10896	-0.306644648843	0.411276165035	0.326966038464	
5	IRIS_313-10918	0.7433345855	-0.150280427226	0.0353569038894	
5	IRIS_313-10936	0.459371069974	-0.0601140022892	-0.00211942118334	
5	IRIS_313-10980	-0.275246479201	0.20699906822	0.109495341559	
5	IRIS_313-11005	0.719814502869	-0.138612906111	0.038994390066	
5	IRIS_313-11031	-0.200419220285	0.161011616479	0.167054629945	
5	IRIS_313-11032	-0.161663252901	0.773070473279	0.103720063574	
5	IRIS_313-11046	0.596431952204	-0.101607558089	0.104572519133	
5	IRIS_313-11062	0.401332305792	0.0343198360119	0.0156789320929	
5	IRIS_313-11068	0.086287077522	0.515525766487	0.0749003690553	
5	IRIS_313-11095	-0.129557765493	0.13465283414	0.156587597554	
5	IRIS_313-11136	-0.47087451464	-0.531405403897	-0.243832605626	
5	IRIS_313-11204	-0.748220761097	-0.372164748683	0.339766787436	
5	IRIS_313-11223	-0.100546561709	0.0893077325625	-0.152907767471	
5	IRIS_313-11257	-0.000147165152833	0.0889029541276	0.171184604212	
5	IRIS_313-11263	-0.543300387831	-0.414466783855	-0.212652953553	
5	IRIS_313-11269	-0.475296736522	-0.255304004312	-0.10595609479	
5	IRIS_313-11270	-0.149233363444	0.600504541502	-0.0220404333342	
5	IRIS_313-11274	-0.249741098946	0.146859222112	0.192333735786	
5	IRIS_313-11285	-0.22357075187	0.172657803149	0.229297394105	
5	IRIS_313-11290	-0.268564361603	0.0551545607109	0.196419203097	
5	IRIS_313-11295	-0.71770098057	-0.282234582156	0.231753433385	
5	IRIS_313-11297	0.169493403442	0.292403277633	0.0444827333735	
5	IRIS_313-11302	-0.764270479235	-0.351006515645	0.509181558999	
5	IRIS_313-11352	-0.660071031203	-0.424137441083	0.230017405972	
5	IRIS_313-11452	-0.206999978514	0.127383084357	0.156906784669	
5	IRIS_313-11453	-0.0219382700028	0.378689567059	-0.526338126808	
5	IRIS_313-11460	-0.72366688062	-0.302721040152	0.394641851336	
5	IRIS_313-11484	-0.33037022611	0.269501303346	0.287339121804	
5	IRIS_313-11591	0.395857766002	0.0287761396605	-0.23603591	
5	IRIS_313-11617	-0.293741350084	0.222013665634	0.392938365309	
5	IRIS_313-11626	-0.106169048792	0.740282376691	-0.210503188418	
5	IRIS_313-11643	-0.540482809295	-0.405304697909	-0.213238830545	
5	IRIS_313-11644	-0.366175277674	0.449079772906	0.301646209465	
5	IRIS_313-11671	-0.784859425195	-0.252845943568	0.240746057038	
5	IRIS_313-11690	0.684365060291	-0.139930261654	0.0830785668159	
5	IRIS_313-11737	-0.238108251195	0.180005584163	0.344664775535	
5	IRIS_313-12052	-0.635929670735	-0.370641437999	0.310964430723	
5	IRIS_313-12183	-0.208807357933	0.141746724061	0.217393236138	
0	B010	-0.115898335667	0.620909327231	-0.115956142233	
0	B026	-0.450531146418	-0.361871009641	-0.133390533435	
0	B029	0.0685596623435	0.140056578742	-0.256679449406	
0	B059	-0.411702023095	0.523564297031	0.265310192615	
0	B061	-0.432295568622	-0.350248633197	-0.456293598442	
0	B064	-0.400558484646	0.504338154736	0.255889990143	
0	B073	-0.42494618739	-0.387777692097	-0.436740739817	
0	B074	-0.141990497182	0.648736443465	-0.401322050679	
0	B076	-0.304319655466	0.0534675100166	0.172289019631	
0	B079	-0.22655084018	0.724995542772	-0.354032750612	
0	B081	-0.146451190284	0.612317935486	-0.30917095126	
0	B089	-0.412156331967	0.49269013094	0.371682497089	
0	B090	-0.30875588728	0.074002998618	0.254608299783	
0	B091	-0.433657489871	0.541289533336	0.563317153017	
0	B092	-0.408419890485	-0.314931382144	-0.451385707247	
0	B094	-0.316343226819	0.082163459022	0.198802308399	
0	B095	-0.448571667107	-0.32111690314	-0.510705928595	
0	B096	-0.312111329528	0.355287262212	0.58186729425	
0	B097	-0.7709429353	-0.354010468408	0.522231442116	
0	B105	-0.464609218678	-0.362779956202	-0.343842305247	
0	B107	-0.399034879993	0.560721189882	0.405379520354	
0	B113	-0.551636988598	-0.268406337828	-0.39894013819	
0	B115	-0.153049609633	0.653851755017	-0.369316418803	
0	B116	-0.428983302545	-0.345528882223	-0.455652652656	
0	B121	-0.428554620784	-0.333464144066	-0.459785039927	
0	B123	-0.5339114352	-0.294774373026	-0.0699222007481	
0	B125	0.0538380437142	0.215830350091	-0.472246916803	
0	B129	-0.737690858741	-0.353082830779	0.492875028666	
0	B130	-0.276712076752	-0.199279305604	-0.312622726174	
0	B131	-0.478639215084	-0.213035785104	-0.512096187463	
0	B140	-0.707184815572	-0.286014281168	0.210510531528	
0	B149	-0.126558847742	0.606651477647	-0.0717518285223	
0	B150	-0.152127410874	0.569467473942	-0.378807414142	
0	B157	-0.403754397987	0.512144787053	0.262925308409	
0	B163	-0.118575254337	0.600013797689	-0.121703759036	
0	B197	-0.442949720764	-0.353069045577	-0.456009977276	
0	B208	-0.490798453799	-0.155919024877	-0.451645297304	
0	B210	-0.265166243287	0.58894550422	0.0554826264925	
0	B214	-0.042799923226	0.119002161667	-0.20662035717	
0	B216	-0.450744123673	-0.395747115547	-0.143913512364	
0	B217	-0.212853763764	0.513152328938	-0.176668423808	
0	B222	-0.223540016987	0.505528100492	-0.0164812691856	
0	B229	-0.45502457309	0.561700358759	0.560945747692	
0	B247	-0.296801514438	0.0623027291964	0.198164965759	
0	B249	-0.406815446604	0.51878655817	0.260143991585	
0	B252	-0.204814596976	0.509858512341	-0.185211433951	
0	B253	-0.539016751546	-0.476206292084	-0.236914501228	
0	B254	-0.544373570848	-0.477153842641	-0.237850750403	
0	B259	-0.0664078512161	0.584805710321	-0.261265518388	
0	B261	-0.217981895776	0.749193391119	-0.371390338177	
0	B264	-0.711411008637	-0.287602427823	0.209980459477	
0	B265	-0.455649493067	-0.3572426323	-0.283284205646	
0	CX60	-0.328557450829	0.453322152929	0.284864345797	
0	CX114	-0.449114618829	-0.344534072125	-0.460450308735	
0	CX141	-0.0242649257587	0.257358952528	-0.588211068213	
0	CX148	-0.509098035645	-0.296957020369	-0.432358685141	
0	CX150	-0.625098259037	-0.443417319984	0.24337808176	
0	CX154	-0.434967036797	-0.3220013356	-0.385001090603	
0	CX158	-0.49123859257	-0.349383619887	-0.359340085856	
0	CX162	-0.124122544014	0.594781830567	-0.0908955911317	
0	CX270	-0.380886112836	-0.198263612955	-0.210841080863	
0	CX403	-0.441196116325	-0.37564792592	-0.147840741375	
0	IRIS_313-7736	-0.483946171672	-0.246480854811	-0.419721883654	
0	IRIS_313-8253	-0.468373654954	-0.34761495165	-0.408945336907	
0	IRIS_313-8305	-0.729796864777	-0.302879018406	0.388329144403	
0	IRIS_313-8312	-0.525245732911	-0.407087242648	-0.240707264869	
0	IRIS_313-8315	-0.747139445142	-0.391733291774	0.322229577703	
0	IRIS_313-8332	-0.444289700181	0.628884635853	0.570585308074	
0	IRIS_313-8349	-0.49813012186	-0.262706355768	-0.468571595906	
0	IRIS_313-8386	-0.680542237214	-0.42456400755	0.342964600604	
0	IRIS_313-8401	-0.744402387459	-0.395551198303	0.321443762085	
0	IRIS_313-8407	-0.386935699443	-0.342370441224	-0.215258023805	
0	IRIS_313-8414	-0.412911505428	0.509970980953	0.36178727887	
0	IRIS_313-8453	-0.760451696233	-0.348820861375	0.532483070602	
0	IRIS_313-8454	-0.217127215582	0.741483141081	-0.373313923737	
0	IRIS_313-8458	-0.524844914231	-0.215732455478	-0.368396110005	
0	IRIS_313-8485	-0.451012961494	-0.323915508722	-0.486366436037	
0	IRIS_313-8493	-0.354734497509	-0.404261983258	-0.212685026439	
0	IRIS_313-8530	-0.343904987009	0.51519646166	0.36276502649	
0	IRIS_313-8557	-0.508547365371	-0.437130318976	-0.231684208813	
0	IRIS_313-8568	-0.210053069005	0.130805252522	0.152937068075	
0	IRIS_313-8585	-0.773144844953	-0.37794742227	0.335008440809	
0	IRIS_313-8586	-0.496062400413	-0.473038935322	-0.317393203124	
0	IRIS_313-8603	-0.427542961238	-0.398605251799	-0.306780078183	
0	IRIS_313-8621	-0.151581983061	0.573111673581	-0.277591259513	
0	IRIS_313-8660	-0.0274196356892	0.292850320564	-0.607881135965	
0	IRIS_313-8725	-0.775084632056	-0.356714933195	0.379531071301	
0	IRIS_313-8844	-0.58450320238	-0.427308133086	-0.207433746896	
0	IRIS_313-8900	-0.564164688825	-0.340903183458	-0.412838233638	
0	IRIS_313-8924	-0.21715439775	0.169341850515	0.231462727013	
0	IRIS_313-8925	0.0673531446405	0.18148945668	-0.486580333175	
0	IRIS_313-8930	-0.386008764643	0.577425675048	0.405323629806	
0	IRIS_313-8935	-0.470631118645	-0.526475567539	-0.242913245064	
0	IRIS_313-8940	-0.453191750935	-0.3412904608	-0.454768221707	
0	IRIS_313-8946	-0.76877248701	-0.419026391321	0.302836074638	
0	IRIS_313-8948	-0.410512307157	-0.377668488053	-0.324614838165	
0	IRIS_313-8967	-0.705231297491	-0.405467058967	0.291959544626	
0	IRIS_313-8982	-0.28184694967	0.15368033833	0.114382849561	
0	IRIS_313-8985	-0.500272169787	-0.562097065865	-0.180536862271	
0	IRIS_313-8988	-0.051869402727	0.293369256933	-0.561884616848	
0	IRIS_313-8994	-0.773082608635	-0.401982809426	0.331923139476	
0	IRIS_313-9020	-0.406101486201	-0.399017298863	-0.461495733373	
0	IRIS_313-9039	0.0923260083004	0.22051718664	-0.517431224604	
0	IRIS_313-9067	-0.166130012774	0.632482537966	-0.355370444128	
0	IRIS_313-9108	-0.0238521631973	0.047060953684	-0.291334663094	
0	IRIS_313-9117	-0.703152214517	-0.475840439718	0.279124287646	
0	IRIS_313-9121	-0.230888352416	0.153590973396	0.232274980676	
0	IRIS_313-9182	-0.747295419614	-0.423954682743	0.305640587164	
0	IRIS_313-9262	-0.564239397901	-0.402287454634	-0.23145602289	
0	IRIS_313-9317	-0.745672767643	-0.435242224139	0.33481392413	
0	IRIS_313-9320	-0.430103341836	-0.322486159299	-0.29932172967	
0	IRIS_313-9324	-0.407252737599	0.524658882712	0.242001431135	
0	IRIS_313-9325	-0.539441235269	-0.409698301102	-0.213762767221	
0	IRIS_313-9384	-0.316215132346	0.244866353846	0.363128636202	
0	IRIS_313-9406	-0.397486759824	-0.395369125292	-0.458718407345	
0	IRIS_313-9409	-0.710319466552	-0.308599967744	0.39115952379	
0	IRIS_313-9424	-0.466677437287	-0.30573588129	-0.257137463903	
0	IRIS_313-9427	-0.477170500986	-0.343286610205	-0.230937673252	
0	IRIS_313-9469	-0.216724255537	0.741634067664	-0.369980567256	
0	IRIS_313-9492	0.0426527285435	0.152858286227	-0.424222357618	
0	IRIS_313-9560	-0.442826221854	-0.00319176513962	0.308526185988	
0	IRIS_313-9570	-0.200107792757	0.643343615661	-0.401950380754	
0	IRIS_313-9590	-0.429268674326	-0.383849783311	-0.437128502672	
0	IRIS_313-9593	-0.726473392887	-0.419671145978	0.312594359772	
0	IRIS_313-9594	-0.559503320929	-0.432751964114	-0.201837016782	
0	IRIS_313-9605	-0.715205595579	-0.351486269132	0.191657889831	
0	IRIS_313-9609	-0.494452656902	-0.277965345093	-0.391028636107	
0	IRIS_313-9619	-0.54966401227	-0.489064687052	-0.246593296328	
0	IRIS_313-9634	-0.454126298498	-0.327855932678	-0.236254021318	
0	IRIS_313-9867	-0.310860848907	0.0770690306311	0.281213146993	
0	IRIS_313-9917	-0.0853302023673	0.104204155612	-0.337221979989	
0	IRIS_313-9968	-0.194760379391	0.638962631996	-0.402050275399	
0	IRIS_313-9969	-0.0976676733071	0.353034516809	-0.520940960379	
0	IRIS_313-9976	-0.445479113317	-0.340281081117	-0.455037036741	
0	IRIS_313-10171	-0.197751868194	0.646231538371	-0.39993608958	
0	IRIS_313-10177	-0.506175439179	-0.218654429785	-0.383360441301	
0	IRIS_313-10179	-0.427244640576	-0.389074698676	-0.43568825694	
0	IRIS_313-10189	-0.224518290891	0.698570580231	-0.35685614191	
0	IRIS_313-10221	-0.727931207402	-0.339088759137	0.311269731896	
0	IRIS_313-10477	-0.0965843643054	0.632358642944	-0.384617054531	
0	IRIS_313-10503	-0.441701376474	-0.285085350173	-0.448314148091	
0	IRIS_313-10511	-0.451303975601	-0.332772909184	-0.393123793428	
0	IRIS_313-10518	-0.484703394002	-0.350047773255	-0.339432433971	
0	IRIS_313-10560	-0.516329170893	-0.310441010184	-0.409958562267	
0	IRIS_313-10614	-0.421484782646	-0.390868376246	-0.300943142365	
0	IRIS_313-10651	-0.331606083168	0.114695103575	0.347105969211	
0	IRIS_313-10652	-0.716513513577	-0.479189626937	0.282652521614	
0	IRIS_313-10664	-0.588897542555	-0.482865035595	-0.206470702018	
0	IRIS_313-10666	-0.512544386635	-0.271967003329	-0.364936062938	
0	IRIS_313-10667	-0.345496739375	0.496429446507	0.340191558612	
0	IRIS_313-10668	-0.769982637328	-0.386275796517	0.332445158862	
0	IRIS_313-10674	-0.753990712874	-0.358345522101	0.505245732187	
0	IRIS_313-10675	-0.497243726564	-0.291696572946	-0.394080556623	
0	IRIS_313-10681	-0.423927119203	-0.390127300278	-0.300241811831	
0	IRIS_313-10682	-0.767360006787	-0.385290737226	0.482470188125	
0	IRIS_313-10687	-0.650187694713	-0.413742904141	0.282399359903	
0	IRIS_313-10688	-0.350591009107	-0.388697943439	-0.217423829009	
0	IRIS_313-10697	-0.128639122697	0.104431051912	-0.290757946912	
0	IRIS_313-10706	-0.451603664898	-0.476022707983	-0.290665327523	
0	IRIS_313-10748	-0.569366822327	-0.300907632435	-0.210683234184	
0	IRIS_313-10751	-0.621548488414	-0.320921098254	0.281400839533	
0	IRIS_313-10755	-0.558115034809	-0.496768243951	-0.271340167071	
0	IRIS_313-10762	-0.370713227776	-0.383821340814	-0.197245127601	
0	IRIS_313-10774	-0.696449472248	-0.440828744875	0.342257142987	
0	IRIS_313-10778	-0.214305889214	-0.190089352247	-0.45590900361	
0	IRIS_313-10779	-0.703272039929	-0.428646141924	0.28124820993	
0	IRIS_313-10806	-0.638290949461	-0.388310931451	0.342627003509	
0	IRIS_313-10810	-0.654526729196	-0.400398768982	0.263641670919	
0	IRIS_313-10813	-0.716626717896	-0.426579862498	0.407000194472	
0	IRIS_313-10814	-0.55896584429	-0.41075777283	0.249357541923	
0	IRIS_313-10822	-0.4748513842	0.676854428251	0.380816622951	
0	IRIS_313-10824	-0.0604142298333	0.161415230807	-0.47074144188	
0	IRIS_313-10847	-0.556975902073	-0.485035946258	-0.21612895687	
0	IRIS_313-10855	-0.480619332486	-0.215596561359	-0.486723964758	
0	IRIS_313-10858	-0.499044091688	-0.405858181417	-0.215076238801	
0	IRIS_313-10863	-0.237977137516	0.134031576194	0.279691043859	
0	IRIS_313-10880	-0.535008704835	-0.274702404018	-0.361929832461	
0	IRIS_313-10885	-0.776492063395	-0.312417010716	0.550106667798	
0	IRIS_313-10887	-0.446211020483	0.596591103519	0.373057947744	
0	IRIS_313-10897	-0.491384086326	-0.532644173811	-0.182581303735	
0	IRIS_313-10900	-0.452512330901	-0.364004993909	-0.401513267949	
0	IRIS_313-10912	-0.726624841551	-0.329983275762	0.311623641454	
0	IRIS_313-10924	-0.712601342393	-0.476616021237	0.298810458349	
0	IRIS_313-10928	-0.431607368906	0.567142867255	0.370364142938	
0	IRIS_313-10937	-0.361012010823	-0.383030465081	-0.22024128404	
0	IRIS_313-10938	-0.672374187802	-0.412880067545	0.27731121646	
0	IRIS_313-10942	-0.423586307672	-0.283010986277	-0.472236562733	
0	IRIS_313-10944	-0.425970791594	-0.244283489546	-0.289982666774	
0	IRIS_313-10954	-0.421359547137	-0.268872208668	-0.515518022366	
0	IRIS_313-10961	-0.514186990839	-0.418097001583	-0.24905160713	
0	IRIS_313-10975	-0.168438706741	0.617133917006	-0.322676305464	
0	IRIS_313-10984	-0.263011428811	0.600836035318	-0.324802475501	
0	IRIS_313-10986	-0.563202786726	-0.403601206915	-0.225723582531	
0	IRIS_313-10990	-0.437262484999	-0.388086563527	-0.348223118316	
0	IRIS_313-10995	-0.403141172339	-0.435904223288	-0.204128752376	
0	IRIS_313-10997	-0.344031307383	-0.341301538831	-0.446144464594	
0	IRIS_313-11076	-0.52135322186	-0.496496803726	-0.293173438429	
0	IRIS_313-11079	-0.519658969997	-0.468552506323	-0.283949905577	
0	IRIS_313-11081	-0.708298946805	-0.410286953405	0.301601849864	
0	IRIS_313-11083	-0.767387066795	-0.385262170939	0.482625185211	
0	IRIS_313-11085	-0.188671923081	0.691389650264	-0.344904000344	
0	IRIS_313-11089	-0.412505771898	-0.380780881481	-0.325161115103	
0	IRIS_313-11097	-0.494787689522	-0.363003377059	-0.344914662622	
0	IRIS_313-11113	-0.466847219832	-0.321418058579	-0.289401789625	
0	IRIS_313-11118	-0.421850382817	-0.378690651925	-0.31623816065	
0	IRIS_313-11162	-0.0417263080894	0.313653314595	-0.578830785953	
0	IRIS_313-11205	-0.582224433926	-0.478831837718	-0.204183816751	
0	IRIS_313-11206	-0.623136437084	-0.451202204505	-0.15263349568	
0	IRIS_313-11234	-0.215142256341	0.512581475894	-0.176699069016	
0	IRIS_313-11255	-0.740671368984	-0.349714256098	0.514751950807	
0	IRIS_313-11256	-0.231115184891	0.552931976557	-0.143504067392	
0	IRIS_313-11260	-0.634366869333	-0.420947457118	0.212383578325	
0	IRIS_313-11261	-0.765856674262	-0.39779596816	0.332028476723	
0	IRIS_313-11262	-0.486273160406	-0.351161345673	-0.293492750399	
0	IRIS_313-11264	-0.762042523149	-0.379583472585	0.32735972378	
0	IRIS_313-11266	-0.561682885308	-0.490372822609	-0.219880798063	
0	IRIS_313-11267	-0.445974039404	-0.30092076124	-0.353679740656	
0	IRIS_313-11271	-0.553868230043	-0.376432479431	-0.240010066795	
0	IRIS_313-11273	-0.543254948446	-0.411523448755	-0.211031532423	
0	IRIS_313-11275	-0.024508882136	0.296734973369	-0.61208192243	
0	IRIS_313-11276	-0.313786894845	0.0900524789203	0.368525039221	
0	IRIS_313-11278	-0.784157577936	-0.351819495152	0.554006998026	
0	IRIS_313-11279	-0.151947675	0.166585697882	0.208930250534	
0	IRIS_313-11280	0.0590433273441	0.392375230245	-0.124551693819	
0	IRIS_313-11281	-0.167253371609	0.709378322926	-0.3747356327	
0	IRIS_313-11282	-0.119480122322	0.624596289808	-0.222688593332	
0	IRIS_313-11283	-0.226706388476	0.727589542435	-0.330539264686	
0	IRIS_313-11284	-0.58331678857	-0.17824401493	0.263667327623	
0	IRIS_313-11286	-0.770073994022	-0.401202592195	0.332766491291	
0	IRIS_313-11287	-0.739227284407	-0.362744823148	0.502402795117	
0	IRIS_313-11288	-0.540324588091	-0.411186630553	-0.205935334379	
0	IRIS_313-11292	-0.58890182307	-0.431555053888	-0.199333683694	
0	IRIS_313-11294	-0.462503187415	-0.236313257613	-0.447720493311	
0	IRIS_313-11296	-0.256628340838	-0.170626666875	-0.153072451974	
0	IRIS_313-11299	-0.456144366595	0.651692130038	0.574381564653	
0	IRIS_313-11300	-0.153660452504	0.738164855892	-0.269759753603	
0	IRIS_313-11301	-0.763600220168	-0.319426032757	0.327267564938	
0	IRIS_313-11303	-0.711021100523	-0.414709479524	0.301061327058	
0	IRIS_313-11304	-0.763249373558	-0.400333304287	0.323583532409	
0	IRIS_313-11305	-0.628465905352	-0.271208543988	0.274934241517	
0	IRIS_313-11306	-0.742729494498	-0.359533862236	0.525893304098	
0	IRIS_313-11307	-0.767510804229	-0.350758060668	0.513069294956	
0	IRIS_313-11308	-0.762637641627	-0.336141584404	0.358521834489	
0	IRIS_313-11309	-0.7492911822	-0.450623922447	0.31585803475	
0	IRIS_313-11310	-0.241996546777	0.131160060709	0.255599986885	
0	IRIS_313-11316	-0.771354995209	-0.354363283607	0.366723805144	
0	IRIS_313-11321	-0.583826470256	-0.412449197733	-0.232784892345	
0	IRIS_313-11338	-0.425025353245	-0.428072174235	-0.264713710951	
0	IRIS_313-11345	-0.456236344853	-0.395792771505	-0.34510060167	
0	IRIS_313-11346	-0.54075965699	-0.412704080803	-0.205463464233	
0	IRIS_313-11347	-0.439173517122	-0.39554542852	-0.341897641493	
0	IRIS_313-11382	-0.384961045121	-0.137001915916	0.216178473549	
0	IRIS_313-11383	-0.436686688461	0.584820927655	0.391701694108	
0	IRIS_313-11386	-0.440598428885	-0.363533877541	-0.353302984948	
0	IRIS_313-11407	-0.730031465444	-0.312919804043	0.376937574951	
0	IRIS_313-11442	-0.434860771921	-0.340557576983	-0.269472697859	
0	IRIS_313-11443	-0.420345160757	0.055521251903	0.486378862619	
0	IRIS_313-11447	-0.757250260418	-0.343638608967	0.528017820847	
0	IRIS_313-11461	-0.165953490093	0.681956560723	-0.451965084814	
0	IRIS_313-11467	-0.537813561843	-0.399517257903	-0.249387092819	
0	IRIS_313-11472	-0.457810527654	-0.375516793617	-0.411723969689	
0	IRIS_313-11490	-0.518585310843	-0.353560622538	-0.428814771813	
0	IRIS_313-11493	-0.561937345091	-0.291270563143	-0.287723334813	
0	IRIS_313-11521	-0.43040573758	0.599179207166	0.55415665125	
0	IRIS_313-11530	-0.423636630061	-0.398249216272	-0.306949907675	
0	IRIS_313-11558	-0.488939324381	-0.289189227195	-0.239441563714	
0	IRIS_313-11561	-0.247495986168	0.56495479055	-0.181693933842	
0	IRIS_313-11565	-0.185357148812	0.716608389438	-0.395306378102	
0	IRIS_313-11622	-0.453533607337	-0.347426042809	-0.460542981109	
0	IRIS_313-11624	-0.165729305301	0.700836643111	-0.370259095665	
0	IRIS_313-11635	-0.448157340801	-0.363093883581	-0.402249568785	
0	IRIS_313-11638	-0.0899972424907	0.249470577871	-0.525571197123	
0	IRIS_313-11642	0.0182401584661	0.176308751824	-0.369599690311	
0	IRIS_313-11645	-0.0398693645504	0.293725785216	-0.547084979674	
0	IRIS_313-11646	-0.0488005692554	0.0481185928689	-0.284439780564	
0	IRIS_313-11647	-0.237608020983	0.180382423897	0.340855393576	
0	IRIS_313-11648	-0.682970750125	-0.424532587309	0.345797385848	
0	IRIS_313-11664	-0.181522551182	0.631356554606	-0.391758054486	
0	IRIS_313-11665	-0.197199517274	0.645728143678	-0.403120032384	
0	IRIS_313-11666	-0.157232774021	0.646262948438	-0.320841255634	
0	IRIS_313-11667	-0.45349495753	-0.347470177664	-0.460490858227	
0	IRIS_313-11668	-0.200688546293	0.644814330992	-0.401306944229	
0	IRIS_313-11674	-0.441711070009	0.632338727904	0.493955846067	
0	IRIS_313-11677	-0.436276039984	0.561529454699	0.367907405066	
0	IRIS_313-11679	-0.532459358596	-0.495237528232	-0.313064422524	
0	IRIS_313-11681	-0.160821800405	0.692920068865	-0.239257021955	
0	IRIS_313-11683	-0.709606756406	-0.483460663668	0.284195879518	
0	IRIS_313-11684	-0.495881575705	-0.565622014119	-0.185128025682	
0	IRIS_313-11685	-0.491664015457	-0.54189366861	-0.235316480929	
0	IRIS_313-11686	-0.545233172134	-0.466376512893	-0.24830761894	
0	IRIS_313-11687	-0.479765078398	-0.544118831052	-0.239971591407	
0	IRIS_313-11692	-0.134941331142	0.614710166226	-0.0728739596819	
0	IRIS_313-11693	-0.464792785444	-0.211841319372	-0.49840193824	
0	IRIS_313-11700	-0.54514953029	-0.46644960698	-0.248204627636	
0	IRIS_313-11704	-0.783889905393	-0.374598775054	0.24657609573	
0	IRIS_313-11705	-0.730063497692	-0.41813584023	0.448483559486	
0	IRIS_313-11706	-0.399528904154	-0.294997546136	-0.531421932368	
0	IRIS_313-11707	-0.544182749108	-0.499514387059	-0.215333025589	
0	IRIS_313-11708	-0.488405815398	-0.479980770688	-0.207738577663	
0	IRIS_313-11709	-0.493372377339	-0.567734113426	-0.180887365644	
0	IRIS_313-11710	-0.709384234377	-0.483389185665	0.283744185136	
0	IRIS_313-11711	-0.735737124464	-0.43100789007	0.334591660638	
0	IRIS_313-11717	-0.413510750902	-0.269342018211	-0.529803299489	
0	IRIS_313-11719	-0.460138821184	-0.317847616126	-0.542054887941	
0	IRIS_313-11722	-0.749833898545	-0.371572146301	0.352117285264	
0	IRIS_313-11727	-0.145234921787	0.659144305262	-0.399125076413	
0	IRIS_313-11728	-0.390796480342	-0.30085865489	-0.408896939506	
0	IRIS_313-11730	-0.217477583912	0.514424320175	-0.181494693334	
0	IRIS_313-11731	-0.4505048244	-0.347955590897	-0.460567540485	
0	IRIS_313-11732	-0.453471134866	-0.347287604384	-0.460516738052	
0	IRIS_313-11733	-0.453574728941	-0.347427172393	-0.460502201567	
0	IRIS_313-11734	-0.45349495753	-0.347470177664	-0.460490858227	
0	IRIS_313-11738	-0.0284749201126	0.225893548339	-0.217060890732	
0	IRIS_313-11741	-0.138370989059	0.649840800502	-0.430587460581	
0	IRIS_313-11744	-0.423384984916	-0.379360279379	-0.452202437826	
0	IRIS_313-11745	-0.73789133304	-0.434307408278	0.213353005999	
0	IRIS_313-11746	-0.197769585243	0.645814480566	-0.402927774358	
0	IRIS_313-11747	-0.15007629195	0.608805139069	-0.387138564024	
0	IRIS_313-11748	-0.746758678828	-0.454703669413	0.315501263088	
0	IRIS_313-11750	-0.15854378495	0.673841237168	-0.370214983527	
0	IRIS_313-11751	-0.0161082749334	0.25118456352	-0.536832461436	
0	IRIS_313-11752	-0.504081444271	-0.307775952235	-0.474825714428	
0	IRIS_313-11753	-0.195162452944	0.640569991038	-0.404312226882	
0	IRIS_313-11795	-0.415121708973	0.529412424319	0.266000990291	
0	IRIS_313-11796	-0.136301670734	0.616443573589	-0.0728752154916	
0	IRIS_313-11797	-0.493130985605	-0.159932021073	-0.45366851218	
0	IRIS_313-11798	-0.0187752240765	0.147830176217	-0.260002188492	
0	IRIS_313-11799	-0.2186538202	0.688615808109	-0.380651310341	
0	IRIS_313-11801	-0.0489377980003	0.32063453459	-0.591288274068	
0	IRIS_313-11802	-0.128426543988	0.614630734951	-0.06879814961	
0	IRIS_313-11804	-0.453573667676	-0.347426174773	-0.460502125468	
0	IRIS_313-11805	-0.218064249505	0.748998041448	-0.371263587554	
0	IRIS_313-11806	-0.140257678503	0.646897826647	-0.390108786178	
0	IRIS_313-11816	-0.723732959386	-0.404474227934	0.396393953459	
0	IRIS_313-11817	-0.305615399035	0.0565311829382	0.19885947971	
0	IRIS_313-11819	-0.763810527825	-0.352728034233	0.532642687791	
0	IRIS_313-11820	-0.501370584792	-0.325746598901	-0.438841849112	
0	IRIS_313-11822	0.0584497667603	0.205700435467	-0.474145208528	
0	IRIS_313-11823	-0.25282600014	0.132699566887	0.219520198002	
0	IRIS_313-11824	0.0585283728064	0.20548577666	-0.473322826401	
0	IRIS_313-11833	-0.39879244082	-0.290601135335	-0.530729577669	
0	IRIS_313-11835	-0.291661152784	0.0306934248557	0.230584189068	
0	IRIS_313-11836	-0.471325200191	-0.486647509429	-0.238588396966	
0	IRIS_313-11840	-0.400467699334	-0.281035074059	-0.530719385413	
0	IRIS_313-11842	-0.397871227086	-0.290663663761	-0.527829330379	
0	IRIS_313-11848	-0.463395467154	-0.345547146002	-0.313861016298	
0	IRIS_313-11854	-0.22850679424	0.710791696107	-0.345159941675	
0	IRIS_313-11866	-0.707073864142	-0.300134705141	0.212804006953	
0	IRIS_313-11867	-0.236203171198	0.744899313395	-0.357908768496	
0	IRIS_313-11870	-0.415645668044	0.589544242479	0.266440994131	
0	IRIS_313-11877	-0.166818251017	0.707430903636	-0.369599294552	
0	IRIS_313-11878	-0.120574316202	0.567093270355	-0.0924981310879	
0	IRIS_313-11882	-0.723827087332	-0.34220932855	0.205535267333	
0	IRIS_313-11909	-0.125421737886	0.617254705306	-0.0790542305533	
0	IRIS_313-11916	-0.245574861153	0.136185059209	0.326631315369	
0	IRIS_313-11918	-0.0426677525649	0.130565194283	-0.298547561844	
0	IRIS_313-11919	-0.214736680034	0.168410475839	0.230591179314	
0	IRIS_313-11935	-0.424863104091	-0.439522335856	-0.14955192532	
0	IRIS_313-11945	-0.579334120746	-0.467772237217	-0.213329782149	
0	IRIS_313-11949	-0.218869956122	0.749232499618	-0.371025225076	
0	IRIS_313-11950	-0.481578269184	-0.266754259093	-0.528698083252	
0	IRIS_313-11953	-0.455284674758	-0.16499911478	-0.436601243913	
0	IRIS_313-11955	-0.453812796572	-0.393893491139	-0.140812927653	
0	IRIS_313-11959	-0.46409968032	-0.298145055854	-0.226233769029	
0	IRIS_313-11966	-0.205924402222	0.732645542641	-0.436476863519	
0	IRIS_313-11989	-0.790993998761	-0.332940676357	0.472172711512	
0	IRIS_313-11999	-0.424589647714	-0.380876578857	-0.437514072339	
0	IRIS_313-12000	-0.408190174249	-0.380074170776	-0.324295870294	
0	IRIS_313-12010	-0.453699300094	-0.368659930596	-0.13211065438	
0	IRIS_313-12033	-0.450954723473	-0.357235814369	-0.282669787098	
0	IRIS_313-12040	-0.70470302148	-0.479855465243	0.2841014201	
0	IRIS_313-12041	-0.37345977424	0.524892405689	0.366973228488	
0	IRIS_313-12044	-0.446799066808	-0.329286855412	-0.382964990897	
0	IRIS_313-12048	-0.776323684915	-0.357737514263	0.380183400842	
0	IRIS_313-12058	-0.427571271643	-0.385630988341	-0.434662690387	
0	IRIS_313-12097	-0.706078689996	-0.482036718469	0.285186409551	
0	IRIS_313-12121	-0.485662142049	-0.534088027218	-0.236977677799	
0	IRIS_313-12127	-0.543359481422	-0.41713142487	-0.259795576376	
0	IRIS_313-12128	-0.457284307399	-0.529796468762	-0.168285347209	
0	IRIS_313-12146	-0.416905426179	-0.408621863934	-0.168084516117	
0	IRIS_313-12190	-0.445171536926	0.630038160395	0.592496715348	
0	IRIS_313-12220	-0.528697594141	-0.263358893647	-0.444834672264	
0	IRIS_313-12234	-0.183784036338	0.50765437932	-0.207437509951	
0	IRIS_313-12268	-0.459070346998	0.612963218951	0.391547118283	
0	IRIS_313-12269	-0.458678134023	-0.492404480564	-0.257078486711	
0	IRIS_313-12275	-0.412827542457	-0.375930071049	-0.436931735392	
0	IRIS_313-12287	-0.461139816482	-0.540787595608	-0.185545074156	
0	IRIS_313-12288	-0.441559688704	0.671312782397	0.532098521491	
0	IRIS_313-12291	-0.468225723505	0.682695628598	0.625848401241	
0	IRIS_313-12300	-0.716305756871	-0.22408815147	0.523501890335	
0	IRIS_313-12305	-0.748693147093	-0.376148501876	0.467343430715	
0	IRIS_313-12334	-0.743652050279	-0.391409314515	0.310098893667	
0	IRIS_313-12354	-0.525325401885	-0.49913676286	-0.308066871121	
0	IRIS_313-12355	-0.451013576685	-0.368764348768	-0.135048437823	
1	CX368	-0.282870594322	0.219590528762	0.380725549412	
1	IRIS_313-8321	-0.329632952151	0.24897284619	0.394886142445	
1	IRIS_313-8342	-0.286660537729	0.21998906703	0.399684057659	
1	IRIS_313-8410	-0.303175756916	0.228537654699	0.396205373691	
1	IRIS_313-8554	-0.240422492381	0.180644339273	0.343384331546	
1	IRIS_313-8721	-0.166524499202	0.315676748277	-0.325261089572	
1	IRIS_313-8864	-0.282239598317	0.232630433974	0.223251740298	
1	IRIS_313-8963	-0.359380684769	0.501963858186	0.504309843532	
1	IRIS_313-9283	-0.276184881457	0.2270396426	0.253856740966	
1	IRIS_313-9422	-0.279419273202	0.18793891678	0.290966922121	
1	IRIS_313-9449	-0.236044310208	0.180461154687	0.3414505254	
1	IRIS_313-9610	-0.18057609426	0.144756056086	0.181447476044	
1	IRIS_313-9626	-0.283981598075	0.217931961759	0.372469469957	
1	IRIS_313-9661	-0.318929603639	0.225492010008	0.436087263906	
1	IRIS_313-10020	-0.229037126744	0.174460275145	0.30357949458	
1	IRIS_313-10543	-0.274498210713	0.213146080841	0.373693015912	
1	IRIS_313-10673	-0.3185269947	0.221836623261	0.432003162797	
1	IRIS_313-10718	-0.283469858757	0.21716102869	0.388561667639	
1	IRIS_313-10845	-0.313815917794	0.22152975289	0.436935380259	
1	IRIS_313-10849	-0.293157950608	0.216524968433	0.384519083226	
1	IRIS_313-10852	-0.299454040825	0.223480722329	0.407362102271	
1	IRIS_313-10869	-0.298030648481	0.221864765667	0.405555943033	
1	IRIS_313-10875	-0.374982824956	0.574305727922	0.531542652709	
1	IRIS_313-10925	-0.255007805072	0.208600557236	0.274223064866	
1	IRIS_313-10927	-0.289400379637	0.231794057056	0.340993832246	
1	IRIS_313-10963	-0.271605466255	0.208215798783	0.336758890328	
1	IRIS_313-10965	-0.290373354282	0.229948352097	0.347969221679	
1	IRIS_313-10976	-0.289262979996	0.224276517105	0.370628072309	
1	IRIS_313-10979	-0.328006361377	0.269300873397	0.255158585996	
1	IRIS_313-10981	-0.310840941726	0.215626206048	0.293123025464	
1	IRIS_313-10987	-0.322020714955	0.230535137787	0.437773776101	
1	IRIS_313-11013	-0.282668671624	0.219913768262	0.242343500057	
1	IRIS_313-11015	-0.308059913066	0.407019542582	0.428975916517	
1	IRIS_313-11016	-0.295044131329	0.226130826035	0.358504325482	
1	IRIS_313-11017	-0.282159458997	0.219299782242	0.241884947324	
1	IRIS_313-11018	-0.299084570695	0.230997673495	0.360132690595	
1	IRIS_313-11020	-0.238077881729	0.180384643722	0.345056408292	
1	IRIS_313-11024	-0.302535481146	0.225640787884	0.412886100237	
1	IRIS_313-11027	-0.219292053031	0.166373328032	0.209271529264	
1	IRIS_313-11054	-0.193163273724	0.329279964306	-0.303598978149	
1	IRIS_313-11055	-0.239036146643	0.547227552967	-0.203821033252	
1	IRIS_313-11058	-0.299056689512	0.221407998859	0.406293202557	
1	IRIS_313-11064	-0.298296345923	0.226455519132	0.358017454576	
1	IRIS_313-11112	-0.308032168727	0.216396312473	0.284711082293	
1	IRIS_313-11191	-0.228912661648	0.172411789884	0.302484027251	
1	IRIS_313-11214	-0.312543544577	0.236649591549	0.441900239579	
1	IRIS_313-11265	-0.346779548389	0.520004916291	0.50733455613	
1	IRIS_313-11272	-0.29310002264	0.224855715469	0.360811830943	
1	IRIS_313-11277	-0.26263231612	0.194848674355	0.387863979524	
1	IRIS_313-11291	-0.295014847196	0.222521141928	0.394046824021	
1	IRIS_313-11298	-0.376243302354	0.58307156028	0.532779766809	
1	IRIS_313-11323	-0.304043278645	0.231828915053	0.435419161708	
1	IRIS_313-11324	-0.268083738024	0.198951380636	0.25571978638	
1	IRIS_313-11454	-0.177802503711	0.143601107975	0.175718035937	
1	IRIS_313-11458	-0.29796847271	0.232390905792	0.360074784147	
1	IRIS_313-11462	-0.239902316186	0.179748809243	0.333490059405	
1	IRIS_313-11483	-0.293288765297	0.218984093026	0.398093090532	
1	IRIS_313-11557	-0.284966889136	0.214871093727	0.299096905369	
1	IRIS_313-11618	-0.254061301469	0.220876556946	0.306551477031	
1	IRIS_313-11629	-0.296965859617	0.220846565102	0.406723146489	
1	IRIS_313-11636	-0.32421179746	0.240600799941	0.30824986268	
1	IRIS_313-11742	-0.286603345063	0.220582680405	0.395431534194	
1	IRIS_313-11982	-0.292886195736	0.217751966054	0.403702018167	
1	IRIS_313-12002	-0.298125803451	0.226268234641	0.351601496266	
1	IRIS_313-12141	-0.298608433123	0.232914256568	0.425053477199	
2	B001	0.581323760721	-0.0651107278986	0.0353415454023	
2	B002	0.631575642846	-0.0936835645832	0.0193664782038	
2	B003	0.727885461175	-0.135565031227	0.0239604476551	
2	B004	0.741923811761	-0.152639408662	0.0331494173599	
2	B005	0.737285937668	-0.149937669581	0.0333337363962	
2	B008	0.743695216294	-0.153312073884	0.0397377074918	
2	B045	0.731214767849	-0.137688155818	0.0270665970051	
2	B046	0.712209721426	-0.148276400804	0.0316860594427	
2	B056	0.0400055355102	-0.0237553725243	0.310284332184	
2	B057	0.722523414004	-0.145077420389	0.0288582276049	
2	B066	0.679251287085	-0.154231327618	0.0856222259257	
2	B068	0.671010020909	-0.126063719082	0.0417426829382	
2	B069	0.676471672852	-0.110248201281	0.0528116720619	
2	B070	0.742817204758	-0.152763075421	0.0383658750067	
2	B071	0.404784857425	-0.0237329737371	-0.0635366314716	
2	B077	0.388849221322	-0.0273580553878	-0.0370399290409	
2	B100	0.691149120906	-0.14204212112	0.0580207184643	
2	B102	0.715520063223	-0.139744785181	0.0457026275599	
2	B103	0.523358385011	-0.0558702089339	0.0650801645721	
2	B109	0.443189625267	-0.0639169972576	-0.0100943276512	
2	B110	0.602751168218	-0.101528141313	0.0745528715221	
2	B111	0.646282767607	-0.130446929813	0.0795711348174	
2	B122	0.725562559272	-0.142758659504	0.0222518031635	
2	B134	0.686629639524	-0.113123281184	0.0289422916373	
2	B136	0.673938655405	-0.145810576024	0.0902664486872	
2	B148	0.642207768189	-0.115776365913	0.0979686028466	
2	B154	0.39563754483	0.0219736711739	-0.0649953307591	
2	B160	0.739344526297	-0.153526595184	0.0346695515191	
2	B161	0.717306786778	-0.141151995481	0.0254960919096	
2	B162	0.695804938887	-0.142587847475	0.0574850209917	
2	B167	0.732002071524	-0.140979175973	0.0278163239725	
2	B168	0.733511155819	-0.141568513012	0.0287103540614	
2	B182	0.70089084657	-0.123551386048	0.013179828104	
2	B183	0.72502151485	-0.138799472111	0.0346784505431	
2	B196	-0.746047701088	-0.392371432975	0.245979090036	
2	B204	0.519801709961	0.0196228624787	-0.0922127009914	
2	B205	0.352579820319	0.0121265644629	-0.0727939996483	
2	B212	0.548691966368	-0.0962999353627	0.112043027754	
2	B215	0.705490610558	-0.149144169147	0.0607112200635	
2	B218	0.678058221596	-0.128881594071	0.0549056026314	
2	B223	0.65658217677	-0.115118655451	0.03507465736	
2	B225	0.674987072116	-0.15419593686	0.0879197461657	
2	B226	0.735357568787	-0.141276316199	0.0255791322638	
2	B228	0.738585776039	-0.151193033335	0.0349496777253	
2	B230	0.6423059159	-0.109994303361	0.116870199163	
2	B235	0.731831599802	-0.138183981887	0.0313623574296	
2	B236	0.738556854199	-0.157203999507	0.0368993899543	
2	B240	0.732324751162	-0.146413173566	0.0265966824515	
2	B241	0.746924503624	-0.152643751215	0.0339944083277	
2	B245	0.681804124751	-0.123234049518	0.0211538278139	
2	B250	0.736455774427	-0.152291035592	0.0324501544388	
2	B258	0.699496148099	-0.142392217952	0.0584311863004	
2	B263	0.734403794727	-0.138891419383	0.0229958231914	
2	B266	0.715080616794	-0.155275367105	0.0403964496859	
2	B269	0.740342222611	-0.152314041915	0.0327367045308	
2	CX116	0.731399813795	-0.13768034181	0.0257594877995	
2	CX129	0.723405586204	-0.130924418421	0.0196007624662	
2	CX140	0.735143525996	-0.151576045702	0.0363826044027	
2	CX151	0.463667431256	-0.0602667653791	-0.00215375222575	
2	CX212	0.646630655334	-0.118724646139	0.0287411744093	
2	CX248	0.743950648895	-0.150900396823	0.0369222113812	
2	CX306	0.734320980614	-0.15282658296	0.0367733477703	
2	CX315	0.6866092305	-0.110235482039	-0.00160245289709	
2	CX330	0.72986996243	-0.141558670514	0.0323545272995	
2	CX383	0.745009212425	-0.154178079428	0.0341003485919	
2	CX396	0.739104030349	-0.151440613242	0.0319789078726	
2	IRIS_313-7876	0.744429121972	-0.147299965991	0.0323363646751	
2	IRIS_313-7883	0.742753262994	-0.150714070993	0.0410216689789	
2	IRIS_313-7885	0.470788608598	-0.0565133467746	0.00924926012793	
2	IRIS_313-8140	0.73778878935	-0.147776557845	0.0305998607848	
2	IRIS_313-8162	0.733206609223	-0.139051175779	0.0276843782661	
2	IRIS_313-8279	0.718844580106	-0.13603752609	0.0472693780035	
2	IRIS_313-8356	0.734259398606	-0.142602554803	0.0260118499316	
2	IRIS_313-8381	0.70939482954	-0.133203115029	0.0484668376518	
2	IRIS_313-8400	0.0635970079922	-0.0447844405285	0.333412472778	
2	IRIS_313-8481	0.722555402391	-0.130266184013	0.0215310819702	
2	IRIS_313-8486	0.686516114094	-0.137374512722	0.0862631134908	
2	IRIS_313-8519	0.694779837233	-0.127058590653	0.047181717467	
2	IRIS_313-8565	0.704314137158	-0.153621660724	0.0485117592502	
2	IRIS_313-8572	0.739810584732	-0.146626320547	0.0361146344913	
2	IRIS_313-8578	0.743550079009	-0.148539396021	0.0327380511	
2	IRIS_313-8580	0.702035329769	-0.145862742235	0.0645621883972	
2	IRIS_313-8599	0.723738906746	-0.153206372713	0.0477456790514	
2	IRIS_313-8626	0.585635989229	-0.0987078019358	0.0959595217751	
2	IRIS_313-8637	0.686636955706	-0.13675885432	0.0851677883685	
2	IRIS_313-8690	0.64371346749	-0.151018960749	0.100570097442	
2	IRIS_313-8735	0.673316308474	-0.149058435226	0.0826510694902	
2	IRIS_313-8815	0.679321452098	-0.140092810399	0.0876023267711	
2	IRIS_313-8857	0.685160655774	-0.140932959613	0.0881771869198	
2	IRIS_313-8883	0.677707386722	-0.151036743207	0.0835217514215	
2	IRIS_313-8884	0.730672280168	-0.150497003713	0.0403801634485	
2	IRIS_313-8894	0.598419114891	-0.101428842402	0.0996831744424	
2	IRIS_313-8955	0.59347929742	-0.0940178844821	0.0987666479111	
2	IRIS_313-8998	0.474054213367	-0.0563134204325	-8.0106613761e-05	
2	IRIS_313-8999	0.685661248661	-0.136267725331	0.0862819798288	
2	IRIS_313-9048	0.666406893679	-0.127230899021	0.0822547025862	
2	IRIS_313-9050	0.685539480533	-0.14570587939	0.0668618118036	
2	IRIS_313-9081	0.656733560555	-0.125152127027	0.0240802728561	
2	IRIS_313-9123	0.718403783323	-0.146029038165	0.0391728439987	
2	IRIS_313-9176	0.721759085676	-0.148247189691	0.044504567143	
2	IRIS_313-9201	0.489132660526	0.110671583273	0.0369544645697	
2	IRIS_313-9228	0.743435387798	-0.153347743634	0.0306991941991	
2	IRIS_313-9233	0.698728023564	-0.121494510287	0.0450728170867	
2	IRIS_313-9301	0.454519169609	-0.0660667801246	-0.0196677817114	
2	IRIS_313-9375	0.454926600412	-0.0742565183006	-0.02735044464	
2	IRIS_313-9379	0.742421134981	-0.15235321696	0.0380719554401	
2	IRIS_313-9405	0.7414200676	-0.148598274619	0.0347432023946	
2	IRIS_313-9470	0.59380153748	-0.0961009487748	0.103023161641	
2	IRIS_313-9529	0.681710511218	-0.138809853631	0.0873829688399	
2	IRIS_313-9558	0.684698029059	-0.145024358398	0.0657354161119	
2	IRIS_313-9568	0.713963659052	-0.142492325167	0.0490504639058	
2	IRIS_313-9691	0.733418361105	-0.141094095074	0.0495479368792	
2	IRIS_313-9698	0.740239864952	-0.152771526575	0.0351375542757	
2	IRIS_313-9724	0.730342115455	-0.14526451733	0.023378807681	
2	IRIS_313-9725	0.0406466132037	-0.0235666029111	0.311972402242	
2	IRIS_313-9769	0.739698521435	-0.152077225275	0.0341008253742	
2	IRIS_313-9800	-0.428925474991	0.608621762771	0.307516867373	
2	IRIS_313-9884	0.713203916457	-0.131581450474	0.0147443410948	
2	IRIS_313-9886	0.729754505467	-0.154852873159	0.0464549503157	
2	IRIS_313-9887	0.732464636286	-0.142683532564	0.0345164139733	
2	IRIS_313-9890	0.742134214155	-0.153384535168	0.0381350587214	
2	IRIS_313-9891	0.745034174585	-0.153923789913	0.0376242352155	
2	IRIS_313-9974	0.736846523917	-0.150889407645	0.0345985987786	
2	IRIS_313-9996	0.740995039724	-0.153096909124	0.0376179705536	
2	IRIS_313-10059	0.742382856008	-0.154597123639	0.0389650779315	
2	IRIS_313-10067	-0.745902265954	-0.386378494835	0.244776371616	
2	IRIS_313-10073	-0.760516393668	-0.402502484827	0.246114976898	
2	IRIS_313-10074	-0.758159539566	-0.405980864142	0.244344006706	
2	IRIS_313-10078	-0.756597434588	-0.398561408177	0.244838735533	
2	IRIS_313-10080	-0.732890442958	-0.374993996946	0.241997139735	
2	IRIS_313-10092	0.732406057998	-0.151530115012	0.0374588532809	
2	IRIS_313-10094	-0.704582052148	-0.418280849878	0.270285267064	
2	IRIS_313-10096	-0.746596122101	-0.397684115374	0.249085158903	
2	IRIS_313-10097	0.73464992912	-0.153925084516	0.0381695745571	
2	IRIS_313-10124	0.731897645333	-0.145214578577	0.0325913296202	
2	IRIS_313-10228	-0.0841701113933	0.0775039826333	0.242362805147	
2	IRIS_313-10430	0.740135351664	-0.153257352485	0.0408353735778	
2	IRIS_313-10437	0.740561985121	-0.149613455896	0.0359304985631	
2	IRIS_313-10440	0.57478762904	-0.0229095774902	0.0866692573894	
2	IRIS_313-10453	0.7413244328	-0.151578676465	0.0417573663561	
2	IRIS_313-10469	0.729366378584	-0.137419069497	0.0260323821846	
2	IRIS_313-10559	0.673376522165	-0.143301368718	0.0838297295625	
2	IRIS_313-10564	0.735364794686	-0.149542746819	0.0357284752396	
2	IRIS_313-10567	0.707749249002	-0.140717620107	0.0356234593877	
2	IRIS_313-10568	0.73598765153	-0.14896808774	0.0239055302291	
2	IRIS_313-10569	0.73135916695	-0.15073423168	0.0278063952194	
2	IRIS_313-10570	0.743620791663	-0.15343917678	0.037798691906	
2	IRIS_313-10577	0.744175117206	-0.151259537752	0.0343551553935	
2	IRIS_313-10578	0.470223177922	-0.0473731598068	-0.00938664448676	
2	IRIS_313-10582	0.741940664231	-0.147363740066	0.0337093336911	
2	IRIS_313-10631	0.730155620359	-0.147059359813	0.0296404578265	
2	IRIS_313-10642	0.743620791663	-0.15343917678	0.037798691906	
2	IRIS_313-10656	0.723991942597	-0.154363653616	0.0450117588448	
2	IRIS_313-10677	0.73610364245	-0.146759949157	0.034753497361	
2	IRIS_313-10679	0.709713869525	-0.150078777274	0.0368499362819	
2	IRIS_313-10689	0.456602744298	-0.0545523042286	-0.00854193263391	
2	IRIS_313-10693	0.453123914844	-0.0514603039442	-0.0141391484803	
2	IRIS_313-10703	0.451243794667	-0.0614201147968	0.00370031461336	
2	IRIS_313-10704	0.716638574674	-0.134135232971	0.04543952479	
2	IRIS_313-10722	0.46953841791	-0.0504535180488	-0.0146866842661	
2	IRIS_313-10741	0.452107164226	-0.0486678494771	-0.00382634128056	
2	IRIS_313-10744	0.723544154914	-0.135396005524	0.0483207560866	
2	IRIS_313-10759	0.457231820324	-0.0456500193503	-0.00998104049833	
2	IRIS_313-10761	0.455595018498	-0.0542857953578	-0.00770937500315	
2	IRIS_313-10765	0.398098992389	0.0198553551974	-0.220518742404	
2	IRIS_313-10766	0.278086123528	-0.0840827957784	0.204734142333	
2	IRIS_313-10767	0.461534910364	-0.0602943778836	-0.00376081996825	
2	IRIS_313-10770	0.742059628025	-0.155010063152	0.0351145803331	
2	IRIS_313-10780	0.461340286863	-0.0602165384332	-0.00265542285231	
2	IRIS_313-10781	0.459123072944	-0.0611745779959	-0.0105185486831	
2	IRIS_313-10789	0.724506617226	-0.142979582395	0.050117947954	
2	IRIS_313-10793	0.736655468755	-0.144214760008	0.0325482916617	
2	IRIS_313-10794	0.632313645941	-0.124252621596	0.122458784838	
2	IRIS_313-10798	0.465036875675	-0.071193996134	-0.0361046793382	
2	IRIS_313-10801	0.482955071872	-0.0704692385458	-0.0327109805521	
2	IRIS_313-10802	0.745751206984	-0.154192092448	0.04204710685	
2	IRIS_313-10805	0.742783740108	-0.146514826888	0.0358941240507	
2	IRIS_313-10808	0.696982735416	-0.132955765121	0.0788501114508	
2	IRIS_313-10815	0.453674623822	-0.0480797905225	-0.0159568465228	
2	IRIS_313-10827	0.463052918552	-0.0769666045921	-0.0380055159705	
2	IRIS_313-10828	0.729991050113	-0.141878458502	0.0362151657265	
2	IRIS_313-10831	0.701510197512	-0.136283481495	0.0668264224751	
2	IRIS_313-10837	0.734444494827	-0.138415941356	0.0377379445141	
2	IRIS_313-10838	0.733037526294	-0.148036184413	0.0411234749587	
2	IRIS_313-10839	0.743702723405	-0.153996864433	0.036107350193	
2	IRIS_313-10840	0.725964735281	-0.141762342924	0.0312159409653	
2	IRIS_313-10848	0.730724842627	-0.156655716766	0.0427482365385	
2	IRIS_313-10853	0.725807777924	-0.155836024974	0.0310628808019	
2	IRIS_313-10862	0.717256022617	-0.132346838805	0.0249762771921	
2	IRIS_313-10865	0.649666082313	-0.135350537111	0.0956398839581	
2	IRIS_313-10866	0.633017468863	-0.122754628457	0.116258993713	
2	IRIS_313-10867	0.641940896885	-0.136745215601	0.120277539164	
2	IRIS_313-10870	0.741219266275	-0.158492701454	0.0401749214269	
2	IRIS_313-10874	0.706758161363	-0.146786053819	0.0480686177312	
2	IRIS_313-10884	0.7183330881	-0.13856486263	0.0276993819432	
2	IRIS_313-10886	0.736469949654	-0.149866263867	0.0427541779992	
2	IRIS_313-10888	0.639759267014	-0.134976539993	0.117410515351	
2	IRIS_313-10889	0.736740289383	-0.1414941475	0.030888921085	
2	IRIS_313-10890	0.719092135714	-0.14755219405	0.0425429609926	
2	IRIS_313-10893	0.723433902818	-0.152593670363	0.0372996044012	
2	IRIS_313-10895	0.739152380337	-0.159162127452	0.0394616512106	
2	IRIS_313-10916	0.742089276611	-0.150989801476	0.0379027023933	
2	IRIS_313-10922	0.716679437822	-0.143128359859	0.0465586665347	
2	IRIS_313-10923	0.724243741792	-0.154335080487	0.0443720147236	
2	IRIS_313-10946	0.4564882971	-0.0582170368524	0.00999160131102	
2	IRIS_313-10949	0.684701087243	-0.147477854385	0.0324388639309	
2	IRIS_313-10959	0.465658703122	-0.0695616069174	-0.00706879179769	
2	IRIS_313-10960	0.464129929428	-0.0765085475659	-0.0117407701676	
2	IRIS_313-10994	0.735701357381	-0.146076176274	0.0302268894247	
2	IRIS_313-10999	0.74784878098	-0.151569066173	0.039170664613	
2	IRIS_313-11007	0.521192096857	0.015547172737	-0.0805675484023	
2	IRIS_313-11008	0.742278583136	-0.145011689632	0.033572084409	
2	IRIS_313-11009	0.73066644559	-0.141392338644	0.0286344079889	
2	IRIS_313-11044	0.586522994175	-0.108432092231	0.108540119348	
2	IRIS_313-11045	0.470135410345	-0.072679537967	-0.00320010475464	
2	IRIS_313-11073	0.724144368654	-0.142919449848	0.0323455437424	
2	IRIS_313-11075	0.722712919282	-0.152353526702	0.0489667281852	
2	IRIS_313-11077	0.717177092788	-0.141368784467	0.0396043875923	
2	IRIS_313-11094	0.727516994717	-0.15403626061	0.0450102931346	
2	IRIS_313-11183	0.720882163426	-0.143104910079	0.0565745588504	
2	IRIS_313-11311	0.747102398303	-0.149865261944	0.033672997874	
2	IRIS_313-11328	0.591688894014	-0.0911897889376	0.104107976443	
2	IRIS_313-11329	0.604702282798	-0.121543700465	0.0812630770603	
2	IRIS_313-11337	0.688956056411	-0.142505243074	0.0762870694578	
2	IRIS_313-11464	0.468795638843	-0.0538832989663	-0.000745224151339	
2	IRIS_313-11473	0.737565696522	-0.146736530254	0.0319216669197	
2	IRIS_313-11494	0.733181674477	-0.151460941399	0.0361541528053	
2	IRIS_313-11495	0.471038000439	-0.0487999958385	-0.00646974903214	
2	IRIS_313-11496	0.717533791028	-0.143219829495	0.0391289345158	
2	IRIS_313-11511	0.727474589763	-0.145798862716	0.0237757817234	
2	IRIS_313-11522	0.621515298625	-0.119734148852	0.10352940772	
2	IRIS_313-11571	0.700416615984	-0.112275964669	0.0205374065811	
2	IRIS_313-11574	0.722110665734	-0.144706133972	0.0398231061141	
2	IRIS_313-11575	0.66983136531	-0.153317110292	0.0974788906811	
2	IRIS_313-11582	0.0360692245854	-0.0132892049794	0.309633378071	
2	IRIS_313-11611	0.590759183033	-0.0900717119622	0.100811885691	
2	IRIS_313-11623	0.738538154417	-0.140293701226	0.0320959310013	
2	IRIS_313-11651	0.473420894906	-0.070891372119	-0.0313286387519	
2	IRIS_313-11652	0.708109427231	-0.130328485712	0.0107781877459	
2	IRIS_313-11653	0.470874113029	-0.0789844976611	-0.0281099310636	
2	IRIS_313-11654	0.723426987577	-0.131913235278	0.0595995549019	
2	IRIS_313-11655	0.697186549054	-0.132523331734	0.0575388165678	
2	IRIS_313-11661	0.737788817352	-0.147776647052	0.0305998739665	
2	IRIS_313-11672	0.71310272703	-0.120171377399	0.0374261544473	
2	IRIS_313-11673	0.593045729707	-0.0967632100537	0.102037049344	
2	IRIS_313-11689	0.740992944861	-0.15398047999	0.0333555422097	
2	IRIS_313-11691	0.687822877079	-0.141653944641	0.0850852828888	
2	IRIS_313-11736	0.729265321699	-0.142510323449	0.047671943963	
2	IRIS_313-11788	0.57848153752	-0.0233377894695	0.0991069778246	
2	IRIS_313-11800	0.737878767686	-0.154181352138	0.0359804648625	
2	IRIS_313-11829	0.739748873417	-0.145106047407	0.0344439193638	
2	IRIS_313-11831	0.684727920405	-0.13431885702	0.0335691405384	
2	IRIS_313-11832	0.735618845852	-0.146486999175	0.0307173904111	
2	IRIS_313-11834	0.36726095651	0.0135108904328	-0.141748942951	
2	IRIS_313-11846	0.660938848353	-0.111745831027	0.0236048132829	
2	IRIS_313-11851	0.733556876132	-0.149121015187	0.0360219671962	
2	IRIS_313-11875	0.735778056981	-0.150009906829	0.0351892795528	
2	IRIS_313-11892	0.727589735818	-0.143926931952	0.0380475459049	
2	IRIS_313-11897	0.713529616063	-0.147062584873	0.0428091370179	
2	IRIS_313-11900	0.724892472452	-0.154405552751	0.0447800774563	
2	IRIS_313-11908	0.67820499643	-0.153648166353	0.083541502369	
2	IRIS_313-11913	0.666901426163	-0.130940472085	0.094657841168	
2	IRIS_313-11922	0.728714658157	-0.144298976993	0.0322562986056	
2	IRIS_313-11924	0.730954135843	-0.145761623547	0.0331165592024	
2	IRIS_313-11928	0.73001288915	-0.137062756664	0.0365935608933	
2	IRIS_313-11929	0.464503246672	-0.0775504300292	-0.0359021576331	
2	IRIS_313-11971	0.442745730247	-0.0537321519465	5.01742021646e-05	
2	IRIS_313-11973	0.738400549842	-0.154751240886	0.04086482471	
2	IRIS_313-11984	0.675331462523	-0.154817205523	0.0807152064735	
2	IRIS_313-11994	0.73266451848	-0.145940876754	0.0535518566633	
2	IRIS_313-11995	0.724038173227	-0.141941937268	0.0438549882762	
2	IRIS_313-12003	0.729256564445	-0.151258328431	0.0335896184188	
2	IRIS_313-12006	0.722917589429	-0.1301226221	0.0353255439192	
2	IRIS_313-12045	0.591038772761	-0.0929663007355	0.100885952996	
2	IRIS_313-12051	0.685382087036	-0.144959377084	0.0684306301962	
2	IRIS_313-12059	0.620791206076	-0.111603133407	0.10070912122	
2	IRIS_313-12060	0.625800120778	-0.118225239026	0.0999064965596	
2	IRIS_313-12061	0.421408331969	-0.0378541362614	-0.0440614092874	
2	IRIS_313-12068	0.592062018826	-0.101729120052	0.0975687365812	
2	IRIS_313-12070	0.468039278176	-0.0777689564503	-0.0380835643541	
2	IRIS_313-12071	0.724241668938	-0.152990669905	0.0442237356089	
2	IRIS_313-12108	0.596280734298	-0.0995276115582	0.0995111800433	
2	IRIS_313-12129	0.724599842567	-0.154202627901	0.0467905308055	
2	IRIS_313-12134	0.722096271258	-0.147896533715	0.0487986270716	
2	IRIS_313-12144	0.595070352925	-0.0933260652045	0.104079929822	
2	IRIS_313-12164	0.726759633307	-0.153748692901	0.0415759750231	
2	IRIS_313-12200	0.689909227806	-0.152878037818	0.0453369370804	
2	IRIS_313-12217	0.73620620022	-0.148579546412	0.0399428907937	
2	IRIS_313-12226	0.718164961418	-0.154241743191	0.0432454991618	
2	IRIS_313-12227	0.717250679658	-0.146035349284	0.0413444988971	
2	IRIS_313-12228	0.720888502016	-0.153233952409	0.0449072305416	
2	IRIS_313-12242	0.716005724611	-0.15244694149	0.0493069065281	
2	IRIS_313-12252	0.718678866014	-0.141771035207	0.0473254913208	
2	IRIS_313-12258	0.714596421321	-0.136226025205	0.0421747976165	
2	IRIS_313-12262	0.71987758166	-0.143134161465	0.0445958769939	
2	IRIS_313-12265	0.708622770908	-0.153513872861	0.0373702089457	
2	IRIS_313-12272	0.682415175305	-0.144313993874	0.0675203130966	
2	IRIS_313-12285	0.597181146017	-0.100127297386	0.101623301461	
2	IRIS_313-12289	0.725904056054	-0.15465496646	0.049049781544	
2	IRIS_313-12299	0.72662574494	-0.15244281902	0.0376921073539	
2	IRIS_313-12307	0.716339119824	-0.148288589733	0.0407898636632	
2	IRIS_313-12312	0.710498632281	-0.143611959533	0.0323002725341	
2	IRIS_313-12313	0.696296042604	-0.153387838624	0.0484667192011	
2	IRIS_313-12321	0.72759783522	-0.154299372695	0.0449769557999	
2	IRIS_313-12322	0.724243862218	-0.154352416901	0.0437571719719	
2	IRIS_313-12323	0.725984557083	-0.148462321354	0.0446995886309	
2	IRIS_313-12330	0.721353045456	-0.153871033754	0.0423383445119	
2	IRIS_313-12336	0.714794289725	-0.147925263786	0.048829460898	
2	IRIS_313-12337	0.714044175737	-0.140043331998	0.0424243361384	
2	IRIS_313-12340	0.724979454091	-0.150536098139	0.044328748629	
2	IRIS_313-12341	0.714839100833	-0.153677139586	0.0425843396964	
2	IRIS_313-12342	0.727376947343	-0.155608250161	0.0474287119821	
2	IRIS_313-12346	0.714855239818	-0.147530004639	0.0392624058665	
2	IRIS_313-12348	0.716079591545	-0.154078490606	0.0555526949088	
2	IRIS_313-12349	0.722337581236	-0.154114708122	0.0465640290943	
2	IRIS_313-12350	0.723451111412	-0.149036478058	0.0466011781695	
2	IRIS_313-12351	0.725238838939	-0.156496664091	0.0448730690871	
2	IRIS_313-12352	0.722402507386	-0.15196079054	0.0545430173553	
2	IRIS_313-12353	0.714510900601	-0.147692556156	0.0402649186338	
2	IRIS_313-15904	0.736438459398	-0.149924691243	0.0445146986448	
