3	1	16000950	-3.32188563206	-2.32553218651	-3.55161255678	
3	1	16054973	-9.47291620667	2.77681574586	-1.76521690957	
3	1	16060243	-9.1095396406	2.68823420039	-1.39159957695	
3	1	16063319	-9.92123177402	2.20224525619	-1.48498329386	
3	1	16067879	-9.27007662936	2.82466204443	-1.38134797794	
3	1	16070450	-9.73329728563	2.72967252328	-2.50150487665	
3	1	16071932	-8.32038497535	2.67210246837	-2.21256911082	
3	1	16086181	-7.51600260592	5.187209187	-9.55401331942	
6	1	16086181	17.0330911397	0.373848373224	6.29106191435	
3	1	16088336	-9.51828109748	2.21724321104	-0.767580977095	
3	1	16099562	-9.78759339295	2.28039296538	-1.35135738169	
3	1	16101432	-9.94547847496	2.89034701537	-2.40582341662	
3	1	16103001	-9.22313181116	2.73192344753	-1.87105601469	
3	1	16109847	-10.0032285003	2.92944794406	-1.65564232044	
3	1	16110992	-6.91531439741	2.87455156347	-2.55841654414	
3	1	16112534	-9.85015897107	2.51347624784	-1.44164459871	
3	1	16114360	-9.89169431815	2.97679590798	-2.44056274582	
3	1	16119454	-9.98635903716	2.94943311668	-1.68773049929	
3	1	16121676	-9.47376646088	3.06567716815	-2.1524255854	
3	1	16123129	-8.15011811676	4.68433433393	-8.22245249472	
3	1	16126466	-10.0205588718	2.55917015004	-1.64827709951	
3	1	16129996	-9.87735056964	2.29765807234	-1.86824049019	
3	1	16134688	-5.41436620463	5.74447235129	4.64594613716	
6	1	16134688	17.9000552824	0.747735081647	-3.07221569946	
3	1	16136197	-9.3798060032	2.49830574846	-1.56494003735	
3	1	16141016	-9.64709906713	2.07616886627	-1.3583002438	
3	1	16143224	-9.36081175319	2.89989941777	-2.65156746913	
6	1	16143224	17.8856744401	-1.74808841258	0.723568015841	
0	1	16145035	6.55894142906	2.06687089553	-4.67337146551	
3	1	16147226	-6.3273014601	3.02512013346	-3.21016510444	
3	1	16149460	-9.9014919482	2.97665580877	-2.25241538616	
3	1	16151865	-9.88716933286	2.47652077378	-1.33058622201	
3	1	16153537	-9.66860385535	3.04426654642	-1.91111613132	
6	1	16153537	21.7224984514	-4.1111327651	8.6657461922	
3	1	16157038	-6.86099830683	3.02181879194	-2.90331804505	
3	1	16158668	-9.94653845246	2.9410538196	-2.24271585316	
3	1	16173349	-9.95013635334	2.91669878724	-2.30239666498	
3	1	16176745	-9.86448491676	2.86081009203	-2.30471360554	
3	1	16185563	-9.67867210218	2.88024016806	-2.18370042111	
3	1	16187620	-9.86938654913	2.90503283302	-2.40050505294	
3	1	16189123	-9.91173137408	3.10335587705	-2.57617404409	
3	1	16191493	-9.94457008536	2.93326550266	-2.41004824773	
3	1	16193598	-9.86784732398	2.60384930084	-2.52390525696	
3	1	16198180	-8.62178688561	4.77496450282	-7.35822962278	
3	1	16198982	-9.52667908576	2.54866958414	-2.52046999329	
6	1	16198982	18.3868041481	0.609601603817	0.961687086695	
3	1	16202191	-6.07341344685	3.53056747908	-3.11542413804	
3	1	16204758	-9.93586455767	2.47297102541	-1.5463541396	
3	1	16207682	-9.98841566089	2.37575211931	-1.5485270115	
3	1	16209155	-9.22210892951	1.82682162431	-1.68129356655	
3	1	16210137	-10.0990016859	2.82895521064	-1.71289342536	
3	1	16211636	-9.91976529497	2.79709119138	-2.5454308413	
3	1	16238912	-9.9180611601	2.75171915703	-2.40632988031	
3	1	16262162	-10.0738824104	2.69550580659	-1.50427832861	
3	1	16264282	-10.0531887683	2.63054546088	-1.78054159828	
3	1	16285141	-9.82130853881	2.97949324963	-2.1721711049	
3	1	16286052	-9.27507221797	2.92552240892	-1.98377288506	
3	1	16288335	-9.94880573117	2.98030265867	-2.40414576566	
3	1	16289121	-9.74346308048	2.92940094657	-1.79175893246	
3	1	16290539	-10.1011958467	2.5332219826	-1.64456730801	
3	1	16294310	-8.55019947103	2.48981687475	-1.32169771245	
3	1	16295984	-9.90675994814	2.91607068464	-2.05670926007	
3	1	16297467	-9.81287145107	3.20442364976	-2.90688002983	
3	1	16299390	-7.84232969918	3.02668039432	-2.5525802244	
3	1	16301605	-9.66080966157	2.81541288309	-1.92643271162	
3	1	16305559	-10.0283145912	2.47700952688	-1.67409591101	
3	1	16306922	-9.44505355563	2.33557896472	-1.72653595419	
3	1	16313044	-10.0059105685	2.68213209051	-1.86182097912	
3	1	16314756	-10.0342837001	2.93685269613	-2.09117390522	
3	1	16316167	-10.0252923616	2.51619366153	-1.51285582536	
3	1	16317902	-9.64527895716	2.72017332451	-1.79657924521	
3	1	16318762	-9.6036391746	0.0667193269141	-2.42754515712	
3	1	16320126	-9.36124989712	2.95335111962	-2.11174505401	
3	1	16324292	-10.0870124813	2.48058821723	-1.44993495819	
3	1	16327112	-9.81070903271	2.72234270682	-2.39438263623	
3	1	16329377	-8.77903191615	4.44355220895	-7.04700981942	
3	1	16330685	-10.0403254889	2.7361338081	-1.87534278097	
3	1	16332651	-9.98385236778	2.68915566329	-1.87597394891	
3	1	16335359	-9.86898966414	2.75306252727	-2.27761825109	
3	1	16338405	-8.05718767764	1.95810376091	-1.72834601181	
3	1	16341907	-9.6748152346	2.33222832673	-1.23504939131	
3	1	16343396	-9.14703376211	2.59881537602	-2.31866270471	
6	1	16343396	17.4731275893	1.28872974108	1.24347066105	
3	1	16344632	-9.34463104899	2.58831105282	-1.40260568937	
3	1	16346007	-9.64968347884	3.01426608416	-2.33432596731	
3	1	16347086	-9.85901096227	2.37408059712	-1.54675213698	
3	1	16349636	-9.88475942563	2.78874024645	-1.85840525496	
3	1	16352883	-8.43833211856	2.52985515065	-2.11055504334	
3	1	16356302	-6.46196350196	3.07542703631	-2.97671136662	
3	1	16357156	-7.22805285062	3.0749362341	-2.36125297182	
3	1	16357665	-9.9585126938	2.69986325492	-1.95734161345	
3	1	16359035	-8.56949881142	2.74123151209	-2.3370161431	
3	1	16360391	-9.68181319515	2.76214797874	-1.76832129542	
3	1	16361485	-9.98098549971	2.4452684336	-1.57356368762	
3	1	16363693	-9.91543953501	2.77490692294	-2.54452629862	
3	1	16368319	-9.99210037865	2.859684545	-2.20893959382	
3	1	16371796	-9.91735339236	2.80929381802	-2.55883093559	
3	1	16375405	-8.07733927484	4.424063775	-8.20818857217	
3	1	16378329	-9.92149899453	2.75246361881	-2.39796150535	
3	1	16379680	-9.91190324368	2.77802388553	-2.5544885177	
3	1	16380904	-9.96032197561	2.80834483889	-2.30683714634	
3	1	16382183	-9.84809785971	2.93457389374	-2.30174556829	
3	1	16382939	-9.91296756596	3.09989473219	-3.71663438141	
3	1	16385559	-9.77887917347	2.94064383048	-3.21236850127	
3	1	16388399	-9.87932757874	2.54370604491	-1.18042751216	
3	1	16391983	-9.61685545577	2.93401545588	-2.41300482541	
3	1	16394500	-9.90205718236	2.25172781759	-1.90034819736	
3	1	16395858	-9.78829107601	2.42082618787	-1.28765150067	
3	1	16397319	-9.89327550619	2.87386073379	-3.17613963279	
3	1	16398824	-9.85622694751	2.95451177533	-1.95944609029	
3	1	16401044	-9.78336266683	2.579891177	-1.32546727206	
3	1	16402750	-6.04398222983	-1.61955964655	-6.09605186079	
3	1	16403957	-9.87103754252	2.57376708278	-1.72617127791	
3	1	16408694	-9.73450809297	2.68179490094	-2.35494441211	
3	1	16409869	-9.74490714277	2.47479215726	-1.51884734749	
3	1	16411574	-9.97574843944	2.78103962091	-1.92687497749	
3	1	16412602	-9.89827153548	2.41987386957	-1.33259157757	
3	1	16414056	-10.020873037	2.41298424827	-1.50040675372	
3	1	16416795	-6.86666092846	3.1108142725	-2.89586622472	
3	1	16418031	-9.77406569169	2.16470825439	-1.26416185408	
3	1	16419828	-9.43178977684	2.50771151504	-1.49067294137	
3	1	16420973	-9.82191517486	2.75668652828	-1.77062092525	
3	1	16422036	-8.06942468668	3.47614857266	-2.89782255251	
3	1	16423436	-9.9524470144	2.55895841129	-1.87566820013	
3	1	16424231	-9.89412373008	2.97091158917	-3.74281063232	
3	1	16425030	-9.91226284296	2.77807692241	-2.55581248173	
3	1	16425819	-9.24294343859	2.95425880708	-1.77153419122	
3	1	16426436	-9.82863867345	2.37986579895	-1.46692284727	
3	1	16427351	-4.61946819922	3.09718284216	-3.74714325588	
3	1	16428876	-9.50344496901	2.53441815972	-1.01678487731	
3	1	16430364	-9.88241109896	2.92406389059	-2.11370880294	
3	1	16432003	-9.80742672576	3.00073477119	-2.25877304178	
3	1	16434992	-9.92048472578	2.84206708504	-1.89598311561	
3	1	16442410	-8.28397141707	-1.91141122365	-3.62180692154	
3	1	16444888	-9.96018906254	2.63888891603	-1.65875245671	
3	1	16446053	-7.79761430281	5.32660575114	-3.82838632039	
6	1	16450271	24.4476164381	2.56338937028	-6.17185234662	
0	1	16450271	6.7779673579	4.11820517545	-8.61211275465	
6	1	16450271	17.6695245252	-0.0176550781253	-1.18922654131	
3	1	16455967	-9.96109901836	2.88796791665	-2.24500356865	
3	1	16458299	-9.71465970414	3.01848130848	-2.31648750015	
3	1	16460167	-9.72249595657	2.97896440746	-1.96333692723	
3	1	16461422	-9.99082778465	2.84242163061	-2.22309673087	
3	1	16462479	-9.95686856017	2.69431723481	-1.70248811199	
3	1	16463459	-8.46907091929	2.65013235868	-2.04899931489	
3	1	16466189	-9.62481423859	2.74153902204	-1.85625040097	
3	1	16468696	-7.26052445472	2.91047572295	-0.324128664856	
3	1	16474268	-10.0922722926	2.84199002883	-1.70298812105	
3	1	16476400	-9.94744254057	2.4707763926	-1.51651775433	
3	1	16479471	-9.71370378935	2.31073340296	-1.89322934861	
3	1	16483466	-9.33676794656	2.64227654718	-3.40384396553	
3	1	16486427	-9.86898289292	2.6354043645	-1.52620173268	
3	1	16490156	-9.51942647482	2.44395877844	-0.984600997574	
3	1	16494759	-9.8033276307	2.50150511284	-1.71036241508	
3	1	16497721	-10.0458429551	2.58548017425	-1.92918141147	
3	1	16501440	-9.86109538269	2.88322571642	-1.34443547178	
3	1	16511911	-9.99117467158	2.34629339903	-1.2426476923	
3	1	16516533	-8.92799540002	2.19064888823	-1.5856841745	
3	1	16519388	-9.47557041986	2.81251675897	-2.19284027794	
3	1	16520530	-9.83774485333	3.0391332879	-2.52676655174	
6	1	16520530	21.8164077199	0.0740272951682	1.84968516115	
3	1	16524030	-9.63045206865	2.67642979614	-2.11582974471	
3	1	16525788	-9.79447445291	2.74075290643	-2.62372359038	
3	1	16527426	-9.72442595621	2.52008175916	-1.27636987851	
3	1	16528818	-9.7884571541	2.58990867847	-2.18130811243	
3	1	16530310	-9.80727853087	2.82821797678	-1.71865268144	
3	1	16531395	-9.93702760099	2.78708426604	-2.40618535728	
3	1	16532685	-9.76891576916	2.72949563245	-2.52321769688	
6	1	16532685	19.4292445193	-0.476221508031	0.869961783037	
3	1	16535720	-9.83456922414	2.63760011384	-2.1732006019	
3	1	16539427	-9.83349355165	2.68852970188	-1.8261924014	
3	1	16541635	-9.84890804171	2.83643001989	-2.55057845019	
3	1	16545869	-5.10225026218	3.78806684862	-4.42336611648	
3	1	16547192	-10.0006880586	2.58118607709	-1.72334958381	
3	1	16548680	-9.9529657118	2.92680521556	-2.45726009899	
3	1	16550170	-9.59197917764	2.51597490847	-1.81690348762	
3	1	16554593	-9.07759936903	1.38736310604	0.924561383289	
3	1	16555707	-9.96043965741	2.86745145313	-2.3087125149	
3	1	16556563	-8.65771213627	2.68316343854	-2.24692926654	
3	1	16560162	-10.0475681351	2.99157802554	-1.8605595347	
3	1	16562254	-3.92106566328	2.93159708587	-3.75510668894	
3	1	16565190	-9.95930473327	2.09325435612	-1.32655774493	
3	1	16566743	-6.52534453156	3.7535599551	-3.38518577925	
3	1	16569619	-9.68994488278	2.67909068289	-1.4400576034	
3	1	16571791	-9.94063270214	2.45423447159	-1.63610840596	
3	1	16587925	-9.70194728001	3.06704245647	-2.23207647026	
3	1	16589571	-9.9456574618	2.89544791508	-2.34388817897	
3	1	16596038	-9.97685814437	2.88354658309	-2.26219841783	
3	1	16598842	-9.65172490112	3.0265974763	-2.50899736405	
3	1	16602222	-8.86886181348	2.78386054699	-2.50431580874	
3	1	16605198	-9.47968737676	2.76617582575	-1.6615878502	
3	1	16606766	-9.5802950231	2.26859980845	-1.28138985702	
3	1	16608577	-9.38031956454	2.63333381019	-1.44986760171	
3	1	16609659	-9.98509516428	2.55353872426	-1.6168160598	
3	1	16611511	-8.13855026336	3.04945438644	-2.63516157925	
3	1	16612873	-9.69605427791	2.76526049085	-2.29362950409	
3	1	16613699	-10.0403747314	2.88185624059	-1.73242342006	
3	1	16616209	-9.98280124097	2.75650458963	-1.47200736353	
3	1	16618038	-9.82499697859	3.15648824639	-2.56754136972	
3	1	16631551	-9.94532195846	2.8799340706	-2.37592885827	
3	1	16632415	-9.81880274178	3.02665344651	-2.76680693692	
3	1	16634263	-6.73407579632	2.01366530054	-1.92168432448	
3	1	16638872	-9.818577852	2.91267431457	-2.06362240345	
3	1	16640728	-9.47232086146	2.93129745406	-2.58854117196	
6	1	16640728	20.4214020124	-1.11446877702	0.613893708169	
3	1	16642642	-9.93120264955	2.37821509892	-1.62222183649	
3	1	16656571	-9.15947335757	3.07776885269	-1.5511873721	
3	1	16658467	-10.0252660509	2.43441825348	-1.7191177978	
3	1	16662757	-9.99172407845	2.33703526874	-1.53719994129	
3	1	16672641	-9.07486278988	2.70074723629	-1.28529101783	
3	1	16680873	-9.91241144356	2.77948714296	-2.55167238145	
3	1	16683141	-9.91635756052	2.7897373615	-2.55316523773	
3	1	16684235	-9.93429507157	2.78192967587	-2.38892089336	
3	1	16684903	-9.91673824148	2.81226192108	-2.54377615574	
3	1	16686393	-8.48363835239	2.12506654969	-1.75651622283	
3	1	16689540	-9.60411694445	2.49335575113	-2.27126229894	
6	1	16689540	21.0504235798	2.12030062964	1.85748102882	
3	1	16690519	-9.20312074423	2.91045026951	-1.60633436322	
3	1	16691895	-10.0156870283	3.02986308829	-1.91775052576	
3	1	16694147	-9.92469806832	2.7975595838	-2.48515374937	
0	1	16696711	4.16463003788	2.04649553807	-0.88547129917	
3	1	16699440	-9.92755752744	3.26070392257	-3.40095957901	
3	1	16701002	-10.1143358371	2.93272023014	-2.00146605688	
3	1	16706107	-9.73276434846	2.72619381119	-2.06655331163	
3	1	16709840	-9.95067292422	2.92693121675	-2.46051395706	
3	1	16713127	-9.36690707829	2.64215141937	-1.73381591673	
3	1	16716092	-9.81036573099	3.30763432885	-2.98390797058	
3	1	16720119	-9.71462306882	2.97687380266	-2.54602627946	
3	1	16724592	-9.95071168118	3.17751013505	-3.44983617513	
3	1	16727174	-9.82278690385	2.36773192418	-1.38106645971	
3	1	16729289	-9.94923961472	2.93954612243	-2.41825316846	
3	1	16733779	-9.86979643408	2.38545571325	-2.61022857559	
3	1	16735004	-7.38509725629	4.5641405521	-9.77566250458	
6	1	16735004	16.6258073626	2.36024657498	7.18568080939	
3	1	16736723	-9.84798125998	2.82396225571	-2.54424905592	
3	1	16739442	-6.31822607356	6.52745877869	-8.9834884103	
3	1	16742043	-9.88426115083	2.77535718899	-2.34765239556	
3	1	16746671	-9.9118985511	2.77783140017	-2.55419801933	
3	1	16824103	-9.92077004358	2.75173061492	-2.3966966952	
3	1	16866839	-9.91193925391	2.778429239	-2.5547919304	
3	1	16902867	-9.9117299725	2.77863073669	-2.55277532078	
3	1	16914981	-9.66266134512	2.44913840221	-2.75661784343	
3	1	16947437	-10.1509609543	2.8205611974	-1.75649684188	
3	1	17003106	-9.87417636141	2.33815968737	-1.33885435973	
3	1	17007597	-9.93219645677	2.35318875879	-1.42719774465	
3	1	17008874	-9.98526360545	2.70656622774	-2.03834525865	
3	1	17010495	-8.15166484273	4.66968530048	-8.29801273098	
3	1	17012324	-9.68247513283	2.8889325788	-1.78503676263	
6	1	17012324	18.560820482	-1.1844037499	0.078914520813	
3	1	17014817	-10.0090688592	2.55159217319	-1.74905225402	
3	1	17017343	-9.95892438932	2.90988753876	-2.29070113589	
3	1	17018825	-10.0108630396	2.40476962843	-1.51953486577	
3	1	17026589	-9.48726109703	2.86477558636	-2.086143472	
3	1	17027935	-9.90288982916	2.4982886563	-1.30652345926	
3	1	17028933	-6.29974960186	3.22209837252	-3.27958366292	
3	1	17029907	-9.94664872211	2.84872173262	-2.31476561004	
3	1	17032174	-9.9994997045	2.43869282647	-1.65960460941	
3	1	17033680	-9.75470839087	2.87922143759	-2.50086099315	
3	1	17040758	-9.23598139655	3.01190265553	-2.0506099228	
3	1	17041532	-8.4896306611	2.53110544903	-2.26148938974	
3	1	17042388	-9.94012569458	3.1299999679	-3.26458366416	
3	1	17045023	-9.86189772465	2.26593185007	-1.14214261852	
3	1	17046812	-9.68442419214	2.72376635982	-1.61209152474	
3	1	17048084	-9.92545151815	3.17326385879	-1.82158938892	
3	1	17049417	-7.77336867992	2.29498283142	-2.20728883331	
3	1	17059411	-9.99156845166	2.41492570149	-1.62741813499	
3	1	17066958	-6.47990111597	1.85392857746	-6.58632284207	
3	1	17069452	-9.76141934236	2.85876617007	-1.95838822081	
3	1	17072222	-10.0377453767	3.0306448636	-2.03958751762	
3	1	17076416	-9.87880503363	2.41535398562	-1.98916894318	
3	1	17077812	-5.19954111042	2.58335177081	-3.25254845238	
3	1	17079117	-9.89875325968	2.82173084444	-1.47715353566	
3	1	17080527	-9.24479347338	2.76815130734	-2.16436238772	
3	1	17081710	-9.92406943202	2.75293469335	-2.38049864153	
3	1	17085782	-9.90853572352	2.74665798026	-2.53528409865	
3	1	17123367	-9.86144390931	2.88714333417	-2.51655563622	
3	1	17134942	-9.99908836514	2.46369141183	-1.66686822884	
3	1	17140985	-10.065159923	2.67185754406	-1.97507698798	
3	1	17145191	-6.28405694574	3.10261940386	-3.02529488742	
3	1	17147995	-9.961494154	2.4718152723	-1.50692825466	
3	1	17149323	-9.04030830524	1.57053353217	-2.14455600492	
3	1	17150213	-9.85711440967	2.20301239879	-1.34610948546	
3	1	17151487	-9.5555427256	2.72837701718	-2.50304017589	
3	1	17154742	-8.78746357889	0.102951316444	-2.61263238188	
3	1	17158578	-9.88812473266	3.27391046459	-3.31848870752	
3	1	17162378	-9.86314497565	2.80227734953	-2.55643834295	
3	1	17164438	-9.79468813737	2.19405178158	-2.1115009653	
3	1	17166806	-9.8609226803	2.4139188627	-1.56846254396	
3	1	17168241	-9.77365334118	3.3207549067	-3.14811407078	
3	1	17169411	-9.85966218809	2.39749524436	-1.9565834304	
3	1	17170578	-10.0424608574	2.48135175239	-1.26353484293	
3	1	17172659	-7.16671576489	4.56270883153	-10.212382662	
5	1	17172659	13.446233524	-3.00858991917	16.811783881	
3	1	17174222	-10.0062489376	2.73696495482	-1.82021170732	
3	1	17175054	-9.93913810934	2.84213028198	-2.42994091487	
3	1	17175816	-6.34288123519	2.95375014806	-2.9449255742	
3	1	17179057	-9.56302054577	2.7552406763	-1.62514484484	
3	1	17181261	-9.8623554614	3.08067836224	-2.56883682675	
3	1	17182311	-6.76827614985	1.4156504532	-6.14632487748	
3	1	17184159	-9.91575440071	2.37024776154	-1.48813864335	
3	1	17187009	-9.91948848799	3.33018805514	-3.47484140768	
6	1	17188662	13.710408783	8.9131677886	2.2363420539	
3	1	17190469	-10.0322331944	3.04365404539	-1.93225074447	
3	1	17193531	-9.84974851579	2.91797728705	-2.5312808908	
6	1	17193531	20.9456370751	-1.19828457467	1.05370101351	
3	1	17195769	-9.96993655938	2.67349839603	-1.74121274913	
3	1	17196936	-8.84038030301	2.63421136786	-1.24763979121	
3	1	17198320	-9.95356484123	2.63960654441	-1.57785833883	
3	1	17199229	-9.97210477709	2.41268902639	-1.57462085092	
3	1	17200366	-10.102536876	2.80794919628	-1.51742697407	
3	1	17208668	-9.91213958353	2.77461643541	-2.55198229576	
3	1	17211097	-9.81735426859	2.58851743872	-1.31939893262	
3	1	17214384	-9.75195387361	2.66779351744	-1.81062891343	
3	1	17218634	-9.8162390458	2.3933644538	-1.4537470474	
3	1	17221270	-6.67066433612	3.09772908182	-3.05246600305	
3	1	17223666	-9.3902021165	2.94289830825	-1.33431634784	
3	1	17227873	-9.9187466097	2.84721327265	-2.12218477448	
3	1	17231221	-9.88408766326	2.51363714911	-1.84512718926	
0	1	17232718	4.99306801665	6.71504183285	1.52458219262	
3	1	17236794	-9.74735679239	2.8282470423	-2.44072703351	
3	1	17238192	-9.21861842797	2.65425899809	-2.22015017705	
3	1	17239218	-9.80978103177	2.89054061481	-1.67469324122	
3	1	17241010	-5.93596668078	3.02515169041	-2.89075397167	
3	1	17242430	-9.41059384185	2.45820641826	-1.7887782697	
3	1	17243597	-10.004503091	2.88779610713	-1.53781656861	
3	1	17244727	-9.29688623818	2.99584743812	-2.60616378639	
3	1	17246211	-6.93726297486	3.48341369582	-3.12375113407	
3	1	17248195	-9.79156603885	2.50975651535	-1.5973757259	
3	1	17249267	-9.6843120966	2.62035937706	-1.73516936019	
3	1	17251327	-9.91458604705	2.69162803533	-1.17732007083	
3	1	17253084	-9.65408738813	2.2170918114	-2.26656581031	
3	1	17258538	-10.1498901464	2.79619077342	-1.7442435964	
3	1	17260261	-9.86983556127	2.84826126614	-1.95378962666	
3	1	17263190	-9.67013354408	2.62037263256	-2.13130740445	
3	1	17267816	-8.97976593922	2.97849492235	-1.45758467441	
6	1	17267816	16.9043182498	-0.72030351622	-2.9205032467	
3	1	17271609	-9.80662857208	2.98719116064	-2.2526919657	
3	1	17276275	-9.281656954	2.47324798529	-1.51917550253	
3	1	17280174	-5.06161753416	1.49803908245	0.647412393509	
3	1	17292431	-9.94915741377	2.93329792059	-2.39131921891	
3	1	17295595	-6.7141794281	3.39403335034	-2.95192471907	
3	1	17297894	-9.84348499973	2.99974613684	-2.21157606238	
3	1	17299838	-9.54788318151	2.87917381885	-2.38433981962	
3	1	17302940	-9.81771538743	2.54744679462	-1.74782304137	
3	1	17305134	-9.60807421363	2.36641189011	-1.07652931963	
3	1	17308479	-9.9974688792	2.55758262636	-1.52748765709	
3	1	17311468	-9.82393213918	2.54113783139	-1.77129050439	
3	1	17312623	-9.61506139021	2.67057752741	-1.73891543853	
3	1	17313632	-7.01198539888	3.16213229897	-3.02822464159	
3	1	17314540	-9.89495177568	2.82267107215	-1.97560040068	
3	1	17315877	-9.91653883624	2.78674602122	-2.56010648621	
3	1	17316597	-10.0123752309	2.45058604587	-1.64241958553	
3	1	17317455	-8.98828134538	3.25622051279	-2.13383592456	
6	1	17317455	17.1411311476	-1.06053564144	0.606241245006	
3	1	17319927	-9.76436830987	2.62544999433	-1.33233663708	
3	1	17324188	-9.12428822884	2.72086180463	-1.01250196308	
3	1	17328604	-8.86568357679	2.41790156389	-1.86443208012	
3	1	17336106	-9.24248673968	2.78946445616	-1.8926724184	
3	1	17337617	-9.54547836118	2.25471117713	-2.38856593621	
3	1	17339754	-9.70591342491	2.39424545691	-1.56085279984	
3	1	17343114	-10.0115341133	2.68096448312	-1.85808069626	
3	1	17346709	-10.0129018983	2.8857156108	-1.69817083388	
3	1	17348066	-10.02110514	2.38813938101	-1.69507507666	
3	1	17349950	-9.56270616516	3.27740810837	-2.35052479207	
0	1	17351284	-1.66343532911	4.64130810351	-11.8987558066	
6	1	17351284	16.7412063775	2.60328882063	6.87600787179	
3	1	17353124	-9.95520360201	2.34126546374	-1.28609119348	
3	1	17355447	-9.87398632777	2.63027269936	-1.68187068138	
3	1	17357872	-7.91108058804	2.40419062945	-2.49634219921	
3	1	17360993	-10.1220581513	2.8033037525	-1.76426418359	
3	1	17362509	-10.0168683775	2.9112600867	-2.46254301338	
3	1	17364693	-9.90582593498	2.48265177187	-1.53111548466	
3	1	17368398	-5.81464147987	3.32751709065	-3.29241073732	
3	1	17369730	-10.0446654782	2.75704438162	-2.01914619413	
3	1	17375419	-10.0411675667	2.32203361734	-1.36873448989	
3	1	17377960	-9.98624534232	2.5104839473	-1.69467745884	
3	1	17380022	-9.94413300385	2.83271542496	-2.35071334729	
3	1	17382915	-9.77277552828	2.22035077715	-2.03770889062	
3	1	17386635	-8.89633064532	3.98125120291	-4.26297381326	
3	1	17391547	-9.96648309426	2.59142408618	-1.83600547925	
3	1	17392957	-6.97285974423	2.85484604365	-2.71411544829	
3	1	17395739	-9.9810480921	2.72659796746	-1.91329089707	
3	1	17399544	-9.88111346408	3.00296125043	-2.31101661322	
3	1	17403751	-9.75294548434	2.93264440566	-1.78903521669	
3	1	17407433	-9.92712445794	3.29594087531	-3.39074822626	
3	1	17411160	-10.0991139274	2.47409929398	-1.59279178133	
3	1	17413231	-9.84419051929	2.41959014001	-1.52401728199	
3	1	17414489	-8.85678480479	2.87124505543	-1.43393590238	
3	1	17417822	-9.54201274744	2.80632832022	-2.14699113817	
3	1	17420216	-9.60794709354	3.04813311112	-2.00427768651	
3	1	17425360	-8.91677191087	3.29820556079	-1.79338163101	
6	1	17425360	18.7981058208	-0.244462780661	-1.09192540381	
6	1	17425360	16.6157099327	0.211405061096	-2.12442122573	
3	1	17428430	-8.01195275269	3.12460414584	-2.86785323048	
3	1	17432007	-6.64864254839	2.29185619886	-2.25127812964	
3	1	17443264	-9.80911659939	2.79046775805	-2.19352450544	
3	1	17445854	-9.7327539496	2.63345494338	-1.27189911448	
3	1	17447608	-8.74551504964	3.19323398167	-1.7449000972	
3	1	17450550	-9.72006617648	2.59949954173	-1.54144466557	
3	1	17452797	-9.86737603467	2.90397062383	-2.02657409382	
3	1	17456342	-9.91341106694	2.24136530333	-1.35110984244	
3	1	17462176	-9.97591190176	2.45896125353	-1.51965960046	
0	1	17466274	-1.03257329274	2.9288795447	-5.52831249819	
3	1	17467918	-9.52549406547	2.86895422757	-2.15705635405	
3	1	17469529	-10.0399168082	2.60665751252	-1.80249709837	
3	1	17470552	-9.86128254655	2.1463777136	-1.77527818053	
3	1	17474226	-9.9074716029	2.55332707409	-1.54191815903	
3	1	17479765	-9.4517156381	2.31543398985	-1.73669705098	
3	1	17481531	-10.0247373593	2.47419683426	-1.61095863882	
3	1	17483160	-9.81353480774	2.60680984208	-1.46971354868	
3	1	17484901	-7.03767795914	2.71325949609	-2.49389771838	
3	1	17486121	-9.92649311416	2.60947224939	-1.65211140408	
3	1	17487647	-9.97983693932	2.47724113044	-1.57507836836	
3	1	17489116	-9.23179507276	2.84173117526	-1.79481278208	
3	1	17493707	-9.89231962641	2.26912778931	-1.02774709471	
3	1	17495478	-9.80663801806	2.45053208626	-1.40918914013	
3	1	17497806	-9.86241238959	2.84623317185	-2.41438934289	
3	1	17499715	-10.0225776347	2.70246064766	-1.706184884	
3	1	17501377	-10.0333839176	2.92919783482	-1.73829485284	
3	1	17506151	-9.34162246224	2.60248100202	-1.90187207352	
3	1	17509089	-9.87326094775	2.5550828084	-1.54338510196	
3	1	17512374	-9.94757061588	3.02452344777	-2.445514512	
3	1	17514689	-9.86108422262	2.22167058046	-1.20819573091	
3	1	17517776	-9.95843845726	2.91154696425	-2.3098965659	
3	1	17518577	-9.87042819884	2.66849170277	-2.14513282467	
3	1	17519405	-9.36617961613	2.67603694288	-1.73564156732	
3	1	17523708	-7.97804305801	2.20285254452	-2.37718111431	
6	1	17532686	20.911238719	1.31634417831	-0.630700672745	
3	1	17534356	-9.91270708666	2.80946775534	-2.57289321441	
3	1	17535282	-10.0542363456	2.79311304075	-1.61084925976	
3	1	17536231	-9.95033084542	2.9002661853	-2.421540752	
3	1	17537165	-9.90251802106	2.58753337957	-1.59634847956	
3	1	17538641	-9.62630064788	2.98345213805	-1.73249151044	
3	1	17539905	-10.009774538	2.64102588425	-1.65323888487	
3	1	17541007	-9.85977397886	2.6690559656	-1.85858506882	
3	1	17542321	-10.0180597402	2.86815596658	-1.64389055675	
3	1	17545037	-9.96626751592	2.62743194657	-1.7310894461	
3	1	17547475	-9.87398084189	2.21815994246	-1.40869135346	
3	1	17548741	-9.8715328241	2.545563697	-2.18754010635	
3	1	17549600	-9.80515182456	2.51027403453	-1.47459824463	
3	1	17550982	-9.32344690698	3.0008485763	-1.9612443405	
6	1	17550982	18.9378222988	-4.63565180962	6.18804926872	
3	1	17551966	-10.0009085844	2.34372405204	-1.2302464606	
3	1	17553207	-9.84248184932	2.48364660948	-1.40378142875	
3	1	17554612	-9.95034959927	2.91754113243	-2.41862539642	
3	1	17556939	-9.89514534702	2.55375383239	-1.5284976712	
3	1	17560166	-9.61842723524	2.94064065738	-1.63435070393	
3	1	17561940	-8.96375857698	2.6254982739	-1.88636863031	
3	1	17564508	-9.24422969849	2.7780683379	-1.06267252487	
3	1	17566700	-9.8990780251	2.34296070383	-1.38623450657	
3	1	17568579	-9.9887651557	2.36332708692	-1.62014609125	
3	1	17581842	-9.86470064187	3.27910449674	-2.46079777193	
3	1	17585816	-9.95153048355	2.58157366915	-1.68680115341	
3	1	17589807	-9.90458514867	2.26050170685	-1.46457102878	
3	1	17592820	-9.95026431809	2.41870658658	-1.50745921495	
3	1	17594837	-10.0253294049	2.46146911722	-1.60189178895	
3	1	17599575	-9.68777093036	2.62562514052	-1.38027584649	
3	1	17601789	-9.32789208832	2.90256884033	-1.83452298628	
3	1	17603691	-9.87034202366	2.56245996498	-1.66126807052	
3	1	17607355	-9.36482219686	2.6432452676	-1.14949464178	
3	1	17610790	-7.80884010785	1.97942464828	-1.78208840464	
3	1	17614093	-9.93287004499	2.39753885181	-1.6285981207	
3	1	17616007	-9.9418645149	2.24713403344	-1.31097175069	
3	1	17621408	-9.94168062781	2.43827082564	-1.5380100573	
3	1	17627415	-9.26166992312	2.57854369821	-2.19765032177	
3	1	17629359	-7.63465037152	3.23503137489	-2.05112932682	
3	1	17630976	-5.8849506986	6.20366580038	-8.9484042801	
6	1	17630976	17.8827277216	0.290570464161	0.475682314891	
3	1	17632301	-7.28239517106	2.97294052517	-2.95942998718	
3	1	17633042	-9.92502288797	2.90923223363	-2.51577523501	
3	1	17634093	-8.55192944206	2.83959982808	-2.41063863153	
3	1	17659114	-9.95892677283	3.1663725278	-3.24617713436	
3	1	17662123	-9.94802699868	2.9020916309	-2.39314705632	
3	1	17665730	-9.99865043683	2.90556458872	-1.82627015837	
3	1	17668092	-9.99346127801	2.49075301251	-1.80739344304	
3	1	17670715	-9.94608928159	2.88488990586	-2.44897471881	
3	1	17673096	-9.97184505916	2.73020273063	-1.69625399972	
3	1	17674712	-8.46785425695	2.24320174332	-1.7600863684	
3	1	17676864	-9.88340277392	2.62502811334	-1.53515157717	
3	1	17678750	-9.40546037272	3.84844755295	-3.94805820601	
3	1	17680106	-8.14107175978	3.28475287762	-1.29799513818	
3	1	17682476	-9.95815390695	2.46988763172	-1.39309098213	
3	1	17686532	-9.8603121176	2.18111429045	-1.59902853737	
3	1	17688156	-10.0366885965	2.9109651921	-1.63466169919	
3	1	17690913	-7.43182936756	3.09386732707	-2.83211992536	
3	1	17692533	-9.90645260774	2.86848341372	-1.85155324629	
3	1	17694107	-10.0717477815	2.88721392005	-1.88932421368	
3	1	17695011	-9.92891751515	2.75658285273	-1.89890460399	
3	1	17695901	-9.509068673	2.69428463724	-2.22183342221	
6	1	17695901	19.1357506247	-0.30762366556	0.764680167875	
3	1	17699352	-9.73595762814	2.80631227397	-1.80423240548	
3	1	17704196	-9.91200499943	2.83711042356	-1.92248853391	
3	1	17708042	-9.77125342261	2.37883877136	-0.986990768093	
3	1	17712255	-9.69231849114	2.53223600531	-1.31164707502	
3	1	17714456	-9.72402589647	2.32946641665	-1.10224614699	
3	1	17715835	-9.90633694693	2.76205579391	-2.45538216834	
3	1	17717382	-9.94531247291	2.86900539659	-2.39295582089	
3	1	17726557	-9.56636774566	2.74552923131	-2.0706187082	
3	1	17729882	-9.07585006557	2.52279462004	-2.89241958764	
6	1	17729882	18.2265927824	0.601608380107	3.3635731067	
6	1	17729882	21.0906204427	1.47643081447	-1.22313291282	
3	1	17734066	-9.92715339412	3.26891909188	-3.36897002651	
3	1	17741095	-9.75505737092	2.42564297564	-1.42866433244	
3	1	17742996	-9.58226123893	3.70004599188	-4.15534532892	
3	1	17745173	-10.0014683906	2.4737140643	-1.60294675843	
3	1	17748950	-9.92640054146	3.3233957187	-3.37678578774	
3	1	17752714	-9.96312827443	2.87717833501	-2.27542913026	
3	1	17755745	-9.43414006073	2.78841702561	-1.49657413909	
3	1	17759347	-9.67670075046	2.19115258805	-1.81175472076	
3	1	17762648	-10.0914308615	2.8802221551	-1.77985661663	
3	1	17764928	-9.63893568037	3.13329174135	-2.89958409465	
3	1	17766660	-7.45126458175	4.84302448219	-10.262959198	
3	1	17770832	-9.45220519599	1.8067250223	-2.230585513	
3	1	17786638	-10.1275519338	2.8801719228	-2.05929662419	
3	1	17789848	-9.9744038693	2.35941351336	-1.42800028295	
3	1	17792246	-6.80505239451	4.27399396684	-9.77424754216	
5	1	17792246	13.3697658114	-3.37052553083	16.4473393202	
3	1	17794234	-10.0355108678	2.78080364091	-2.37963163956	
3	1	17795849	-9.47499741465	3.22390489374	-2.46882750371	
3	1	17799049	-9.69021155667	2.62215887824	-1.9104784528	
3	1	17802079	-9.86991799201	2.49209035104	-1.70191776345	
3	1	17803291	-9.78529508416	2.55745389308	-1.31591602291	
3	1	17804592	-9.84925757854	2.11350418986	-1.75110422317	
3	1	17805573	-9.52868806943	2.9240725921	-3.85195883288	
3	1	17806477	-9.12681410352	1.94571251812	-1.1456022539	
3	1	17807859	-7.17053988258	4.86945038917	-10.3951993643	
5	1	17807859	13.6208035737	-3.68760973103	15.9392090233	
3	1	17822002	-9.88407644175	2.18325272023	-1.63250754603	
3	1	17825462	-9.77855089247	2.23883102292	-1.77024712899	
3	1	17826201	-9.28647756288	2.56140443208	-2.33408378866	
6	1	17826201	20.1688013546	-0.440830883642	-0.716662328139	
3	1	17826956	-8.2351954633	3.78040772245	-8.26419337049	
6	1	17826956	27.585600544	-0.214687864006	1.07729840324	
3	1	17827718	-8.08662059016	4.39984215632	-8.53179148683	
3	1	17828555	-10.0896556995	2.88175192676	-1.75652213568	
3	1	17829373	-10.1313382498	3.0429958391	-2.59577905823	
3	1	17830069	-9.1479893396	2.74908133031	-4.18658879185	
3	1	17831263	-9.7338944041	3.65450349243	-4.49461613283	
3	1	17832333	-7.29305429978	4.64022624308	-10.176530838	
6	1	17832333	17.0160366455	0.363921872892	5.88262105345	
3	1	17834259	-10.0122330159	2.7380373046	-1.96093134762	
3	1	17837194	-9.6570720118	3.86699289774	-4.16399323711	
3	1	17839290	-9.59717854278	3.01132622463	-3.78203605139	
6	1	17839290	18.4985259747	-0.94295322993	-0.482494162582	
3	1	17841434	-7.67261986275	4.01825486652	-8.74218377198	
3	1	17843006	-10.0051168243	2.99590377721	-3.84714413898	
3	1	17844029	-9.99238216274	2.72477338931	-2.0687465327	
3	1	17847180	-9.90077693839	3.05942987176	-2.5108027593	
3	1	17847746	-4.6886119462	3.1368925335	-4.11930543233	
3	1	17848778	-9.45661427535	2.50171005279	-2.20046849222	
3	1	17850226	-9.52230174941	3.3791615188	-0.945090045142	
3	1	17851414	-9.96492584311	2.61755105451	-1.30289822837	
3	1	17852324	-9.90193838493	2.60098306377	-1.75490749533	
3	1	17853788	-9.29847995296	3.95130078004	-6.30845822373	
3	1	17855661	-9.66089952202	3.80452213603	-5.67480700549	
3	1	17857613	-9.74962955693	2.73238743634	-1.40154900527	
3	1	17859476	-7.19530297047	4.22446018959	-9.60926711356	
3	1	17862742	-9.85514430964	2.25805863817	-1.45331797377	
3	1	17865178	-9.73908632574	2.75916124067	-2.08952021216	
3	1	17867138	-9.76963409218	2.57124059275	-2.35281439297	
3	1	17870623	-10.1039971423	2.83156274611	-1.71913645262	
3	1	17879786	-7.55512546735	4.67758818008	-7.73776079082	
6	1	17879786	17.984043955	0.464653567289	0.0295429911955	
3	1	17882978	-8.37992940277	3.30589016502	-7.79224238743	
3	1	17885348	-6.75101248337	4.12531813497	-9.31490298752	
5	1	17885348	13.0575920901	-2.8757997978	17.0101485356	
3	1	17886953	-9.66522623635	2.37551727688	-1.90443430299	
3	1	17889100	-6.48886565159	4.37600435797	-9.77352154349	
5	1	17889100	13.1183831778	-2.90425008579	17.0297310595	
3	1	17890351	-6.85241896121	4.30903691558	-9.77888496838	
0	1	17891604	12.770010942	4.6858629641	-15.3253899	
5	1	17891604	13.8277711647	-3.9309157931	15.6582310461	
6	1	17891604	20.3045079385	-4.19409845883	8.8507764928	
3	1	17895283	-9.74535396488	2.28012294398	-2.17245280439	
3	1	17898799	-9.5205705187	2.78195493612	-4.48060515871	
3	1	17900536	-9.54120818186	2.26970596162	-1.34179621062	
3	1	17902355	-9.50133899519	2.45710651345	-1.77456650371	
3	1	17903366	-9.81773693715	2.01079552308	-1.08340324528	
3	1	17906160	-6.29833821328	4.54827461591	-10.1488334171	
5	1	17906160	13.048036399	-2.66023750321	16.1616665109	
6	1	17906160	17.2687489748	-0.725019857204	1.46089423306	
3	1	17907535	-7.97216915537	3.72026072991	-8.40121750203	
3	1	17911343	-9.58632228852	1.7597214147	-2.57371878612	
3	1	17913677	-6.92426336938	2.57081249553	-10.5497505944	
6	1	17917557	22.2082962542	2.1429208414	-16.6390435343	
5	1	17917557	12.4073131455	2.75526328394	14.87357167	
6	1	17917557	19.1788147372	2.37096499739	-0.171100264536	
6	1	17917557	18.2349472413	1.27866198058	1.81378950681	
3	1	17920805	-9.69444797881	2.90041423104	-3.75532376113	
3	1	17922109	-9.99441445063	2.84333605112	-1.85996023407	
3	1	17924406	-9.7925489352	2.27640827941	-1.83971868041	
3	1	17925604	-5.09793670552	1.68177849543	-10.1770591869	
5	1	17925604	12.2921146253	1.04653984676	16.5173547748	
6	1	17925604	16.2408140686	3.86261995497	-1.09253692025	
3	1	17928707	-9.13474858159	1.88159288498	-6.20285532303	
3	1	17932451	-6.43762093572	1.87526423549	-10.1114015387	
5	1	17932451	12.2490499051	1.23463429137	16.7169155009	
3	1	17937192	-5.76253727961	2.25663746914	-10.0397413191	
5	1	17937192	12.2166938567	0.669875779945	16.7304353013	
6	1	17937192	19.9593347027	0.0370990821074	-0.436918620843	
3	1	17942871	-7.26897962298	2.80397722904	-2.66837285993	
3	1	17947524	-9.91460125026	2.50087173929	-1.76697530685	
3	1	17949437	-6.50868878158	2.55410533301	-10.2451281558	
6	1	17949437	14.5415314767	8.03117395948	5.26082470966	
0	1	17953259	7.23231441005	2.24632630431	-13.9226902484	
5	1	17953259	12.8735293783	-1.89255292706	16.3411277843	
6	1	17953259	16.9657051718	0.322152002045	-0.445719771293	
3	1	17956074	-5.92028698336	2.03884866956	-10.2088155328	
5	1	17956074	12.5766102084	-0.837758943903	16.3897544585	
6	1	17956074	18.2652091201	1.40625911319	-0.975129661041	
3	1	17958402	-6.1094629116	1.6994639971	-10.1560961293	
5	1	17958402	11.7667022299	2.3474626252	14.2424356545	
3	1	17960717	-7.20897735557	2.70033142843	-2.80688520759	
3	1	17964188	-6.12460553914	2.28308628517	-9.99282713716	
3	1	17966964	-8.34344474474	2.29596360333	-7.12658910369	
3	1	17970916	-9.4373386753	2.9598105583	-2.02865188851	
3	1	17973996	-9.6845678083	2.52843898575	-2.43257184374	
3	1	17982176	-9.65741555762	2.12562091517	-1.49556517067	
3	1	17985909	-9.00924107959	1.7437469485	-0.34244164873	
3	1	17988599	-9.68695684394	2.16171969414	-0.938610814975	
3	1	17993822	-9.1870486727	1.41740418272	-0.515392333483	
3	1	17996007	-9.94087834662	1.94209370006	-0.648903959244	
3	1	18001009	-7.48543719917	2.20785719217	-1.30665141821	
3	1	18005331	-9.69426160513	1.9225204558	-1.0205026582	
3	1	18006187	-9.61507618195	2.18584735464	-1.132689921	
3	1	18007527	-9.88585694987	1.98420551572	-0.606514066809	
3	1	18012395	-9.96227076202	1.84597513437	-0.750494452137	
3	1	18014992	-6.52097314891	1.20369099611	-3.07365649862	
0	1	18014992	14.3020661127	8.40955379498	-10.2632737293	
3	1	18017218	-9.24036036958	2.34738065767	-2.17291478517	
6	1	18017218	19.2195902993	-1.13805840472	-0.138109572761	
3	1	18028116	-9.55120246143	1.7853399811	-0.37847170677	
2	1	18030873	32.2044671707	1.74694798896	-9.0736128716	
3	1	18036280	-9.69125691803	1.69874578868	-0.565396436199	
3	1	18037886	-9.44920942568	2.24489628407	-0.879249369271	
3	1	18039042	-7.35298364401	1.35942324629	-4.09399350662	
3	1	18041828	-9.65381163686	1.5310585965	-0.441494494027	
3	1	18045362	-8.05378207676	2.10652884598	-1.45342846475	
3	1	18048688	-8.12276121733	1.17663435018	-0.546953951297	
3	1	18052582	-9.08721347595	1.28480984875	-0.341427148685	
3	1	18054347	-9.76774887956	1.89740469884	-1.23499569507	
3	1	18058006	-9.53025046111	1.39773373061	-0.73095442967	
3	1	18061928	-9.26835783385	2.44761633293	-1.47755484258	
7	1	18064932	-8.06934780819	-0.515821018172	2.11362483548	
3	1	18066112	-9.53122250684	1.9036267153	-1.12209292432	
3	1	18069213	-9.18754837781	2.19108109799	-1.05896871416	
3	1	18070737	-9.61813862426	1.96430417401	-0.763610451181	
3	1	18074753	-9.74932975354	1.90906555108	-0.829722420473	
3	1	18076920	-4.96268995914	1.96536895485	-5.34415165132	
5	1	18076920	12.9841634512	-5.17053400926	15.4278275534	
3	1	18078249	-9.66292214925	2.80974272272	-3.31408939513	
3	1	18080991	-9.02483141427	2.74327540375	-0.891917064192	
3	1	18082315	-9.4631750307	1.72237412033	-0.248235732557	
3	1	18083558	-10.0110579627	2.21309962454	-1.30130879632	
3	1	18084668	-10.0036612977	2.23614169518	-0.790134843647	
3	1	18085859	-9.44431485171	1.4154956754	-0.128293150501	
3	1	18086850	-9.54365234702	1.4964522866	-0.700461712805	
3	1	18090091	-9.15723032381	1.82181848442	-0.505912331659	
3	1	18094450	-7.9490985336	-0.335954765747	1.98870639347	
3	1	18097649	-6.67569225403	2.39109265935	-3.63167775887	
3	1	18099486	-9.73284691958	2.0228988501	-1.35221117056	
3	1	18101304	-9.4498947544	1.24707138587	0.330122013879	
7	1	18105615	-7.98809318009	-0.751986817014	2.7431929635	
7	1	18110637	-6.74476024645	-0.0530610004655	2.813594217	
7	1	18113327	-7.51147713199	-1.30091893049	2.91609033155	
3	1	18114450	-9.65194197687	1.35514275854	0.391373577258	
3	1	18122463	-9.74438638496	1.63492592478	-0.194884116348	
7	1	18133338	-6.21800393338	-5.8619585225	6.6727298529	
1	1	18135620	-4.46763594247	-15.5998340974	2.56262642347	
4	1	18135620	13.0234186538	26.1205851043	8.35314847301	
7	1	18140314	-7.32148438324	-6.15640853781	6.15970766636	
1	1	18142701	-5.90993398821	-11.0656898175	4.28471392152	
6	1	18142701	17.799794718	1.80299740233	-2.71768348225	
7	1	18145619	-7.45794638465	-3.27868558995	6.34894343526	
1	1	18147666	-3.77177521399	-14.8937645213	1.85046640329	
4	1	18147666	13.4047600188	24.712405981	7.67211311242	
7	1	18148729	-5.4383088047	-4.46798748836	6.26638433274	
2	1	18150321	48.2515749534	-1.60324992118	-4.66588234029	
4	1	18150321	13.2339920231	26.0058697791	8.29033320354	
7	1	18153688	-6.55237440815	-9.60684810402	4.21367846791	
7	1	18155862	-6.86875842765	-2.93800118313	5.61152096868	
1	1	18157625	-4.75663324114	-15.4028632495	2.32963676967	
4	1	18157625	13.2672678448	26.0501625652	8.62551618274	
7	1	18159579	-6.6547220909	-3.80203559825	5.85471073423	
7	1	18164519	-5.01125628009	-2.69239962637	4.86808078041	
6	1	18164519	13.279348576	-4.22970630263	1.40440652009	
1	1	18168512	-5.21151190874	-13.6583644655	3.44402320325	
0	1	18168512	14.5402590298	8.3412132405	-11.1098211809	
7	1	18170112	-3.79402221454	-3.62874760454	6.67925782666	
7	1	18171970	-6.58682891561	-3.02160264461	5.63361254418	
7	1	18174167	-7.22151810958	-3.87102936746	6.49527674765	
7	1	18175490	-6.66648378868	-3.485488844	6.19643013676	
8	1	18176750	19.5036758896	-15.836913419	-1.28660699435	
7	1	18182238	-7.38376443009	-3.92498954551	6.41101892281	
1	1	18185148	-1.27346497262	-16.7474617219	-0.494808777139	
4	1	18185148	13.1775064207	26.2824774579	8.55819527764	
1	1	18187819	-4.35397873551	-15.1464500836	2.2593144044	
4	1	18187819	13.3266114559	24.6435989159	7.52904935561	
1	1	18191181	-4.7277685825	-15.0714838987	2.1843309538	
6	1	18191181	20.5370177326	0.952378159418	-0.0300747683263	
1	1	18194069	-4.58336090739	-15.1836905005	2.02855194199	
4	1	18194069	13.244829482	25.9892226598	8.41751752147	
7	1	18197337	-6.49492475783	-4.11861569234	6.94034182085	
2	1	18201130	46.5094204867	-5.47565786492	-5.19785783027	
1	1	18202582	-4.2952133456	-15.1817242453	2.47777151698	
4	1	18202582	13.2116303852	26.1504686088	8.54677737364	
7	1	18205948	-7.01910422859	-3.26831367268	6.75995885505	
1	1	18207377	-2.18492573955	-14.0119920895	2.61380037578	
1	1	18209612	1.29876077491	-10.4803662698	-5.32949431939	
5	1	18209612	13.7282953045	-4.9317010456	14.0756793883	
6	1	18209612	14.7356180474	0.192647678791	-4.44321870919	
6	1	18209612	13.5998607107	-4.06034349765	1.338389814	
6	1	18209612	18.9570488013	0.131010327536	1.30934670397	
6	1	18209612	17.7241677855	-0.783016237948	0.484295970514	
1	1	18218160	-4.71497565227	-15.2772891113	2.5057714535	
6	1	18218160	19.8608726762	3.12828120389	-3.52543343514	
7	1	18219594	-6.34727738309	-2.71186177649	6.34856496142	
7	1	18223435	-7.1587059432	-2.82638200844	6.12082836933	
7	1	18225399	-6.95068292172	-6.21533937328	5.95129978466	
6	1	18225399	21.1684215123	1.89926507219	-2.3263584307	
7	1	18228358	-4.08985877571	-4.03821365781	6.35550230684	
7	1	18229714	-7.46637477958	-3.89283267766	6.43570230662	
7	1	18232472	-7.07033304496	-3.3312650077	6.74415236572	
7	1	18235629	-6.33366678593	-3.50827657772	6.36309317551	
7	1	18236687	-8.20186946185	-2.30414882666	4.98315205528	
7	1	18237551	-7.24236886379	-4.12021028086	5.80248057254	
6	1	18237551	20.697822375	2.70456405645	-4.5132811813	
1	1	18238613	-4.45840884189	-14.597010862	2.60936246252	
6	1	18238613	18.3639726773	-1.16056001895	0.66637272178	
6	1	18238613	22.1762387939	1.2024770143	-0.796851604632	
7	1	18239686	-7.33763067076	-4.22351307895	6.0673835657	
6	1	18239686	21.4957516448	1.86947476198	-2.00354133779	
7	1	18240504	-6.52567320436	-4.26702720052	6.31245581611	
7	1	18242781	-6.84015288738	-3.56371383708	6.30676245805	
2	1	18243540	47.8649885931	-1.35246206538	-5.12437692692	
4	1	18243540	13.2222256158	25.2034431999	7.63750953967	
1	1	18244904	-4.4825232383	-15.1081642405	2.45146205063	
6	1	18244904	21.3213009166	1.85701785738	-2.15802495797	
7	1	18246910	-7.13450815117	-4.04141577578	6.52525701729	
0	1	18246910	14.9655149588	8.84802765883	-10.3467540469	
7	1	18249133	-7.69697751559	-4.08547133123	6.22254679788	
1	1	18251088	-4.48980718994	-15.5610839915	2.12146568404	
4	1	18251088	13.2902832277	25.9191823957	8.46551081979	
2	1	18252217	42.5648043132	3.21249219641	-10.6794096434	
5	1	18252217	10.4505676781	-9.04237091122	15.3984345211	
7	1	18253230	-7.35152495754	-4.69316202803	6.37601358411	
7	1	18254511	-2.86169292631	-4.31699575851	5.64719302878	
7	1	18256523	-3.27713716032	-3.94231225955	6.00196136055	
7	1	18258144	-7.164372398	-3.5628298475	6.63427223512	
7	1	18259292	-7.21560060644	-2.69449962013	2.79092035605	
7	1	18264377	-6.84944881423	-3.51704316709	5.48561045949	
1	1	18269331	-4.70058935083	-15.4605434005	2.3675891102	
4	1	18269331	13.5922834768	24.4438059797	7.58795839361	
3	1	18270363	-3.5760353856	3.37609351331	-2.39661532487	
7	1	18271364	-7.0344105942	-4.01177030796	6.70913138227	
0	1	18283510	9.05834607669	-0.957209120943	0.528087559639	
1	1	18285253	-4.04175971942	-14.6797509535	2.53887921118	
7	1	18288191	-5.15192010925	-4.06140422977	6.0298192305	
7	1	18307725	-6.60682543748	-3.80719988998	6.00223046555	
6	1	18325263	15.8165778184	-9.05362822973	-0.395102088532	
7	1	18328103	-7.11878883432	-3.96411872596	6.4697801671	
7	1	18330435	-6.47434660014	-6.25869570532	5.16464551238	
7	1	18334620	-7.15594212455	-3.26642860793	6.37826725519	
1	1	18338066	-4.09017882648	-15.025283111	2.21990784899	
4	1	18338066	13.3168145484	25.7173614504	8.34368374233	
7	1	18340067	-7.10443013809	-7.11851982735	5.12318420911	
7	1	18340976	-6.52081833467	-3.2875019971	6.07405661518	
1	1	18344017	-4.29684671626	-13.9312697003	0.600822628117	
7	1	18346463	-1.05426566635	-1.92598345042	3.10373359799	
7	1	18348347	-6.6046519877	-3.06494579935	6.61905309951	
1	1	18359921	-2.86075340006	-16.4199470854	0.877694860073	
4	1	18359921	12.9668520264	26.0665625387	8.11123751184	
7	1	18362367	-5.23528033862	-4.22803294955	6.8083873718	
1	1	18363153	-1.34414504444	-9.15475742789	4.55805940433	
7	1	18364414	-6.45983558428	-5.57088260329	6.72716282794	
7	1	18366667	-6.68008258441	-3.49564266172	6.78532321161	
7	1	18368561	0.96634545898	-3.0776443569	5.60303388045	
1	1	18370603	-4.49581846906	-15.3247814613	2.53862871574	
1	1	18377533	-3.66874616348	-13.0483192624	4.00073272032	
7	1	18381634	-6.88598180739	-4.04602030884	6.506585609	
7	1	18385558	-6.67924129816	-3.51126300939	6.56346190039	
1	1	18387816	-4.28035014346	-15.0964393559	2.83693075124	
1	1	18388791	-4.61279064161	-12.8392766259	3.37347605354	
1	1	18401473	3.86158679188	-16.2652361126	-1.85614997786	
4	1	18401473	12.9392197212	26.3484652399	8.356296528	
7	1	18402542	-6.45524791922	-6.80194418164	5.57015432843	
1	1	18413083	-4.65443552256	-15.6826863948	2.58776293567	
4	1	18413083	14.3304272846	23.1275094751	7.84795143932	
7	1	18414914	-4.25608018026	-7.04150355311	3.61916061646	
1	1	18418496	-1.4141666018	-15.1979615242	-0.37488379093	
4	1	18418496	13.9418073994	24.6538630245	8.86063221345	
1	1	18419834	0.115047381541	-14.2393739174	-0.792354213578	
7	1	18438764	-2.40570154936	-5.33412520799	-1.15305064491	
0	1	18441401	2.7774808278	-0.113422029687	-7.00493842272	
5	1	18441401	8.79221282985	-4.68008505182	13.8910803398	
6	1	18472595	22.6976814913	1.90228321188	-10.523983326	
5	1	18472595	5.73385109424	-4.54432123152	14.2066749561	
2	1	18474833	47.6506694321	0.828394137617	-7.39182874506	
5	1	18474833	8.92365427873	-5.70455796103	13.7997587975	
2	1	18477170	31.4653761808	1.71553817042	-9.238461669	
5	1	18477170	7.94392341307	-5.26820925644	14.4997744088	
2	1	18482464	48.1385113411	0.950350648622	-7.1543843311	
5	1	18482464	8.46298688023	-4.882649635	14.7888306275	
6	1	18483581	17.1224403599	-0.36989487795	-10.1009174317	
5	1	18483581	6.90946711781	-5.45611781509	15.1822186123	
0	1	18485821	3.60342782994	-8.51529182446	-10.1420895994	
5	1	18485821	6.66654609155	-8.46539412361	12.7469994025	
6	1	18485821	21.5272464399	1.03389266864	-1.550494511	
0	1	18486885	0.90257444993	-1.78803212825	-6.54476698497	
5	1	18486885	8.3911476491	-6.85578895607	13.6343555182	
2	1	18489651	43.2409332918	2.35721794818	-10.8218360463	
5	1	18489651	6.79585707423	-4.4384862378	14.1112911086	
2	1	18494024	40.3934376688	0.0764725808645	-8.55579400442	
5	1	18494024	10.3757761356	-3.53297213637	15.0621255467	
0	1	18495367	3.35608020099	-8.88061371106	-9.14269183559	
5	1	18495367	9.15613998035	-8.1984856408	12.9160548292	
0	1	18497613	2.61403679532	-1.90617795709	-5.55541980542	
5	1	18497613	7.23189771822	-5.36789170662	14.672631521	
0	1	18498630	2.19431522482	-7.27905916864	-8.0981418116	
5	1	18498630	8.19792921081	-5.78504627616	14.3676093293	
7	1	18499475	1.42633070909	-2.91880481026	4.98256918747	
6	1	18502049	13.46160843	-5.62856213523	0.681419011035	
7	1	18503055	-4.15092765594	-4.03903225021	3.06141457294	
6	1	18518531	15.2018847781	-2.86827965177	-0.836148473371	
0	1	18522589	11.4901018654	-11.3487513476	-4.55644548059	
4	1	18522589	14.2524218316	23.7373119131	8.61042613225	
2	1	18530555	35.9351840724	-2.27124634421	2.53943170275	
2	1	18539933	33.7558507915	2.86617554006	-13.2571484725	
5	1	18539933	6.27185739979	-7.63625109835	10.6829347512	
2	1	18589713	37.26875199	-1.55992094991	1.78105319419	
0	1	18589713	5.8015126481	0.837532402606	-9.15686258595	
2	1	18591982	33.8075509957	-2.17143450451	4.75098804177	
0	1	18591982	5.37310433559	1.75730172842	-9.22340164335	
6	1	18594935	14.1790893187	-5.53552806115	4.8926904389	
2	1	18596740	39.3507068555	3.0828378585	-9.29517284322	
5	1	18596740	5.95585712502	-6.98211249731	10.5440029336	
8	1	18598137	33.9592463591	-4.51557964923	4.19205212298	
0	1	18598137	5.19006380055	0.157572871722	-8.75639249888	
5	1	18599187	9.12013896929	-5.06091381831	3.65257165084	
2	1	18601836	30.0483192285	1.00837556818	-8.35916477935	
5	1	18601836	6.26985560214	-9.27538554007	9.81265999411	
2	1	18604309	37.6090597937	-1.34718400987	2.17601431925	
0	1	18604309	4.70859690645	0.494224558911	-8.43150533927	
2	1	18607391	31.0844572305	0.140712759893	-8.64238939753	
5	1	18607391	6.77767448671	-10.0852504502	9.20507215581	
2	1	18610265	39.8730301396	1.90906602696	-6.91433234433	
5	1	18610265	3.97561189811	-8.94759013941	13.7019515098	
6	1	18612881	19.1033489064	2.00267086018	-6.8204998561	
5	1	18612881	6.15174761522	-7.05961395688	10.4805486579	
8	1	18615308	32.3491902717	-3.71207873957	5.63574301835	
0	1	18615308	4.41458689407	1.62196404567	-9.62512184427	
8	1	18616843	31.6868467445	-3.19607148118	4.25424069137	
0	1	18616843	5.4381425258	1.24902850697	-8.3659644926	
2	1	18618566	46.8683948602	2.31772460909	-9.79688243886	
5	1	18618566	6.32442385991	-8.05428452651	10.2685184497	
2	1	18621402	46.5122259393	2.0811335029	-9.72368408391	
4	1	18621402	15.4103376674	21.0988553054	9.79517182599	
1	1	18630812	-2.77586151455	-12.7559628546	0.305163728063	
1	1	18662285	-3.44853380807	-9.02300616195	2.6710283927	
2	1	18664149	36.308883767	-1.18326489937	-9.21252439909	
1	1	18668209	-3.35239843146	-10.6682850654	1.83466039069	
1	1	18672065	-4.42854666747	-15.4041653281	2.76851023174	
1	1	18673341	-0.396992581106	-10.8507639815	1.76947503826	
1	1	18675039	-4.73226067545	-15.6492195209	2.57085726551	
4	1	18675039	13.1745734812	26.2642781067	8.50696585208	
1	1	18684142	-4.75989414346	-9.14854860102	1.06078878334	
2	1	18689163	40.6946994047	-9.26183186861	-6.90994935191	
2	1	18701067	46.4728014365	-3.79348797841	-6.84343805148	
1	1	18707484	-1.61940616843	-14.2298601633	0.847776437839	
2	1	18710931	34.7793330933	-2.73124702482	-8.93224802994	
1	1	18714070	-1.60021488814	-12.9048772084	-3.11575273511	
1	1	18716573	-4.910655763	-12.0256325937	4.09630055921	
7	1	18720615	-2.66648997698	-6.18891455712	4.89800141952	
1	1	18722317	-4.65344822404	-15.6830976995	2.61326136351	
4	1	18722317	15.5100199718	20.7288765325	9.68891676674	
1	1	18725811	-2.90934608465	-13.7302041318	-0.61896198536	
2	1	18730183	47.517949952	-1.47167610914	-6.13032055864	
1	1	18740293	-3.96411434281	-12.6456389566	1.84763211813	
7	1	18743922	-6.17971387227	-6.56434770377	4.03104595134	
7	1	18750842	-4.26965503713	-8.48377286035	7.5106721242	
6	1	18750842	16.3361685418	0.438758049368	0.765808265479	
2	1	18751900	43.9439931375	-1.39320091342	-5.18258093905	
7	1	18757956	-5.77888740739	-9.03075854374	5.54556980416	
7	1	18760551	-5.25963327729	-8.79638019779	6.45153104338	
1	1	18763643	-4.42373821302	-15.1865594205	2.37231027881	
2	1	18771413	45.2900240106	2.71974587504	-6.54434000218	
5	1	18771413	8.67625080085	1.76616443979	4.33690581646	
2	1	18791358	39.9470633063	-4.14853460846	-5.30980077141	
5	1	18791358	9.73816961953	-4.3127180526	3.8708568889	
4	1	18791358	15.9552204652	17.1760943343	7.55730012735	
7	1	18800072	0.0998997137306	-7.59470565432	2.43737140444	
8	1	18801437	27.9233828738	-6.97923572629	-2.38408493715	
5	1	18801437	9.28747202728	-0.421050931194	5.13302870338	
8	1	18804188	20.94969721	-12.0007272799	-1.80655832362	
1	1	18816425	5.90858095305	-13.9359214032	-2.98950734268	
2	1	18818392	34.2736393192	-8.54165896578	-8.30825530385	
5	1	18818392	8.41130037366	-1.61170915665	4.09073506471	
8	1	18823021	19.9297755865	-12.2462826752	-3.48178180816	
1	1	18826441	-2.52990255726	-11.700063023	2.17815367831	
8	1	18829593	22.6954715943	-16.9432063573	-1.79513342085	
4	1	18829593	14.1130610997	24.4272418598	9.785980225	
1	1	18830819	-2.70600975799	-14.3785862883	-1.05356137667	
7	1	18833340	-5.69415530306	-8.0858013753	5.57435320888	
1	1	18836672	-4.59068672688	-14.9725607245	1.97652222798	
2	1	18838260	40.8138620403	-0.750027997996	-3.84446844692	
1	1	18838260	2.51204443192	-12.5813165478	-4.72415517342	
1	1	18840034	-3.81072874611	-15.5078852826	2.51006474025	
4	1	18840034	13.2663972775	26.0908855293	8.6389869159	
2	1	18840718	36.0960319143	-6.95234467341	-7.2398391562	
5	1	18840718	6.35554879352	0.201191790262	7.3803114861	
1	1	18845207	2.23443384002	-10.994173665	-3.66680389608	
5	1	18845207	6.59528613052	4.07436576926	9.06110025376	
1	1	18846377	2.1173143112	-12.2050227603	-4.38439447723	
5	1	18846377	6.79633572444	-0.294476910999	10.3131627559	
7	1	18846823	-4.64743183282	-9.09347319253	6.26114973481	
8	1	18847467	23.4654829875	-15.3223566656	-1.55170715187	
1	1	18849025	-3.21119175145	-12.3222737372	1.16547239187	
1	1	18850387	6.64750367505	-13.5452166853	0.190855898988	
1	1	18853180	-5.70484932091	-10.2234408519	5.75363951036	
2	1	18855574	44.208529296	-2.6564893916	-6.10915358041	
2	1	18857494	44.239219903	-2.396746702	-6.28191390891	
4	1	18857494	15.4103376674	21.0988553054	9.79517182599	
1	1	18860305	-4.65525568487	-15.6795876221	2.62447577308	
2	1	18862484	42.2511870326	0.792160476306	-10.1950875933	
4	1	18862484	15.6524209419	20.1594115932	9.56572848822	
2	1	18864629	40.7717587424	-0.870988681094	-10.1407400976	
4	1	18864629	15.5021618041	20.7389176662	9.71770949444	
8	1	18869007	20.5868340062	-12.0735708619	-1.27019739001	
1	1	18870578	2.24170990819	-10.5686863731	-3.25715377991	
5	1	18870578	6.98726727926	2.83066385994	11.2629351796	
1	1	18873064	-3.81902976728	-14.4105604241	-0.878590015503	
4	1	18873064	13.1776147644	26.2832741663	8.5589113741	
2	1	18874438	37.9717115583	-8.14491208594	-5.47455828777	
1	1	18886323	2.27675237523	-11.5712806433	-4.05062638093	
5	1	18886323	6.72930343184	2.43165957716	9.17711478	
1	1	18887770	-2.92215528751	-15.2322041843	1.25083128117	
1	1	18894039	-4.03047968347	-15.3789421963	2.42571195558	
2	1	18896491	39.829154889	-3.13815048898	-6.30433993057	
5	1	18896491	7.21730908051	-1.2888810647	4.72785930758	
2	1	18897657	39.7911079006	-0.255340842925	-3.57077996553	
1	1	18897657	2.86695638422	-12.6624284218	-4.48746130396	
1	1	18907650	-0.334170437933	-14.2809704181	-2.78391115772	
6	1	18907650	17.7766011792	10.6219819266	3.81371417982	
1	1	18909302	-3.18473807139	-14.6375941972	2.40566662309	
4	1	18909302	15.6236219749	19.3281662072	9.02719434308	
1	1	18911616	-3.43351237911	-10.4088517336	2.82760168847	
2	1	18917083	34.1219923186	1.51914779201	0.722515494985	
1	1	18917083	3.33254623768	-11.735249147	-3.92713517235	
8	1	18920484	33.6345293526	-9.73298360915	-3.26836860214	
4	1	18920484	15.4924932828	20.7072088423	9.63523461593	
8	1	18921611	26.5664938033	-7.5809400896	-9.12338371853	
5	1	18921611	5.48146415757	1.91064158625	11.4505738391	
7	1	18929052	-6.28980795612	-5.88475341009	0.758130631084	
6	1	18930993	30.0000511877	1.5354061454	4.77075106901	
1	1	18930993	3.34085876932	-11.270554219	-6.89318850674	
7	1	18933034	-5.56128131136	-6.68730167325	4.83979879976	
1	1	18936487	-4.76235503702	-10.6537614378	6.06017482103	
6	1	18937723	13.7653481606	-9.28321707758	0.803654811182	
2	1	18942425	47.2807103073	-1.69597094348	-5.43536048762	
4	1	18942425	13.1776147644	26.2832741663	8.5589113741	
7	1	18943861	1.8724157591	-7.53479608524	4.62842845048	
8	1	18950692	12.8953679462	-16.9854002329	-2.9261923808	
2	1	18960172	47.6204296305	0.172292946631	-6.70054193323	
5	1	18960172	7.34485577577	1.62102166067	11.7481522643	
1	1	18962470	5.75553852102	-10.2845354268	3.43069204707	
8	1	18963764	29.7932058118	-7.19129114622	-9.69035154465	
1	1	18965792	-3.81088671201	-11.3076143486	1.15451436635	
8	1	18967606	24.8250419375	-9.20576986604	-6.89676435291	
5	1	18967606	6.89208021553	2.65833298941	9.22220356095	
7	1	18969480	-2.33831456717	-7.85516734637	6.33714467501	
8	1	18970555	34.7184797653	-12.2553169793	-5.18480035775	
1	1	18971819	-4.17950245586	-10.2700425047	2.81612024085	
1	1	18975397	-4.57180702859	-14.5697907368	3.97276365661	
6	1	18978837	12.8275754541	-9.50318554131	-1.43195958379	
1	1	18981332	-4.25935361374	-14.0777107963	1.39356856093	
1	1	18983984	-5.55207985609	-10.0447719561	4.8079163534	
8	1	18986319	22.7493258148	-8.76919705063	-0.650810761459	
6	1	18988534	21.0957656164	-3.82679004832	2.03012992083	
2	1	18991425	41.9036077481	0.517818107798	-4.94192361146	
1	1	18991425	0.745391615497	-9.47532493816	1.39574772581	
8	1	18995043	35.1242216994	-13.1351139322	-4.51845138018	
1	1	18998174	1.23581036946	-13.6439861928	-0.843752641341	
5	1	18998174	8.77344033583	-3.76588990396	4.1519371856	
4	1	18998174	16.9384088572	14.4473152178	6.15670254986	
2	1	18999468	35.2408199689	-3.20533535475	-4.36648144989	
5	1	18999468	8.62624931496	1.80084778149	6.15754323526	
8	1	19005492	26.6339516336	-11.0185399453	-3.93247808548	
5	1	19005492	8.04091354633	-1.67128200811	3.8283767844	
1	1	19009295	-3.44254052253	-15.326499747	3.58299729634	
1	1	19011496	-4.49934206004	-13.2268633142	4.49483966878	
7	1	19027229	-2.66663129372	-8.18733250869	4.78146649294	
1	1	19029281	-4.59693252419	-13.4949276829	2.04220897796	
1	1	19037444	-3.95046929658	-15.8460708849	3.26157586787	
1	1	19039270	-3.74268956294	-15.7869157474	3.30128834532	
2	1	19043393	35.1694669701	-1.45674768827	-9.97276910563	
4	1	19043393	15.5666350425	20.4174541727	9.56474372988	
1	1	19045631	-4.31974140674	-13.8839567306	4.15117967086	
8	1	19047998	24.0677047499	-5.19218105663	-0.173172283711	
8	1	19049486	21.4042110926	-14.6574507306	-4.12698898811	
4	1	19049486	15.4668412742	20.9326212689	9.81841332949	
7	1	19050906	2.66932334409	-4.7136386079	4.65923857803	
1	1	19056715	-4.69618816517	-9.83204806775	5.23491004445	
1	1	19058362	-4.28479699325	-15.6235526652	2.90382776871	
1	1	19059977	0.585096404934	-14.9099867091	1.73471513504	
0	1	19059977	9.5067015136	-2.07878577406	0.416286922013	
1	1	19060599	-4.54053211857	-15.6509627626	2.34591677054	
4	1	19060599	16.020568989	18.0212077433	7.63647956264	
2	1	19063092	45.6425710394	-1.83039705238	-5.74072172174	
0	1	19063092	9.39569624461	-2.22176953478	-0.350823161146	
4	1	19063092	14.597479247	22.3944718169	9.51542809291	
2	1	19064414	43.0850264987	-1.39623131262	-5.81811510264	
8	1	19066192	23.1640459733	-9.51258853702	-7.58674676548	
8	1	19068047	23.9168373206	-13.5459222306	-6.64119872853	
7	1	19070572	-4.55565260804	-6.23327601456	3.61770334681	
1	1	19074446	-4.73119115496	-10.5476986256	5.46568393948	
7	1	19076357	-5.29751179016	-6.14985250507	2.46326625545	
8	1	19080106	15.0502851926	-11.7734900083	-3.28801733146	
2	1	19084159	39.0808769216	0.433600571483	-9.3816503922	
1	1	19086498	-2.35084180368	-9.63756576782	5.50641462033	
7	1	19090534	-2.91200929741	-7.81589090123	5.48972874721	
5	1	19094144	9.59763075903	-4.19798296563	3.97290310288	
7	1	19097494	-6.19174590558	-6.28230653511	3.59529142715	
7	1	19098743	-2.13361841746	-3.18990794255	4.92636158124	
7	1	19099369	-4.68141199228	-3.08503760559	5.49909847499	
1	1	19100150	-6.44779227515	-11.1519003502	4.50719534611	
7	1	19101680	-7.37948164219	-3.6568820031	6.11896703314	
8	1	19105865	22.615097607	-13.222281429	-4.93367561243	
7	1	19107194	-2.97767083987	-4.17017716143	6.02791095103	
6	1	19109714	14.4845624645	-5.18385522671	2.42537825769	
1	1	19110914	1.72270845003	-8.53501470287	1.80719872803	
7	1	19113580	-2.84982206088	-3.36383113517	6.50988588087	
8	1	19117922	27.7367722034	-6.55154010574	-2.59251514922	
7	1	19121840	-7.28918750268	-3.98026743922	6.4654372246	
6	1	19130362	15.9798036996	-5.44903301907	0.384158228115	
7	1	19134530	-7.33960424668	-3.25609834688	7.0833476093	
5	1	19137160	7.17413580389	-5.89502521708	2.34544806689	
1	1	19140158	-4.64307015247	-15.5988416448	2.86639356121	
2	1	19142160	31.6693964076	-1.32220744346	-4.52960161696	
1	1	19152636	-3.55452440039	-15.4247114637	2.42425055677	
4	1	19152636	14.1179007405	23.7473915911	8.67549457129	
2	1	19153422	42.6872955315	-2.66540558061	-6.49311943059	
7	1	19154180	-6.02949979644	-8.82707922502	5.22967922419	
1	1	19156393	0.154108447002	-12.4307930181	10.2367607561	
7	1	19158420	-2.05305218966	-2.67141053151	-0.235282530496	
7	1	19159075	-3.1495230584	-3.11731432463	5.63583834341	
1	1	19161476	-4.71416101356	-15.4469391344	2.82607577899	
1	1	19162403	-0.816436049637	-11.3107884941	-2.67817068385	
1	1	19165681	-4.93173133626	-15.1261488283	2.25931570191	
1	1	19167438	-4.51528051135	-15.7842994707	2.84871708272	
4	1	19167438	13.2653252454	25.8541996741	8.14690604251	
0	1	19176276	0.512296137106	-8.58924977995	-8.32452647851	
1	1	19180201	-0.259747507662	-12.5703721317	-2.90551779449	
7	1	19183178	-7.19038969137	-3.03533724355	5.58090222659	
7	1	19193370	-0.979907944648	-2.52777361845	-0.315994858485	
7	1	19194663	-5.48010637775	-3.16360525652	4.51261570538	
8	1	19196861	28.3235409802	-4.29700966323	-10.5800179982	
5	1	19196861	6.59180969759	0.0826702999582	16.5217134495	
5	1	19199202	8.47608048739	-4.8390962313	9.45992146387	
2	1	19202107	32.4151602399	2.11087617226	-0.516721217576	
7	1	19206553	-1.07285663017	-2.02087772285	12.4118596139	
0	1	19227268	10.9009086977	-0.88508954907	-1.56870723144	
5	1	19227268	6.02659671556	0.0119365470443	15.9502377024	
2	1	19228596	43.0422756553	3.57342156123	-8.07366421786	
5	1	19234889	-1.60790881599	-0.911147250933	13.9716064985	
7	1	19239696	-0.77280439637	-8.57083310403	11.8638270409	
7	1	19241534	-2.04332704424	-0.16781339716	13.3490748399	
1	1	19243001	0.210935518301	-10.7760551217	11.2191265609	
6	1	19243001	19.6733494242	0.450164868827	0.83609065073	
5	1	19244526	-0.561946943992	1.09886789798	12.5526622217	
7	1	19246305	-1.8508976402	-3.48948994029	13.0292663372	
7	1	19250050	-1.93445454786	-0.784949425442	13.1703135877	
6	1	19260059	25.2745886152	-3.73242156889	8.26701076201	
0	1	19260059	7.6107008914	-1.71466303681	-11.0472404327	
1	1	19263146	-4.4996700327	-15.6146899468	2.9993035308	
1	1	19265508	-4.49947591385	-15.6147935896	2.99901205345	
7	1	19286095	-2.6153234813	-5.36002972777	9.87288653859	
7	1	19289867	-3.87560992999	-0.87852766962	2.84369110458	
1	1	19291815	-5.18033530099	-12.3818078243	3.01321422383	
7	1	19293571	-5.23819148869	-4.07003965446	3.50705514441	
1	1	19301357	-4.415598056	-15.3420825563	2.73916663458	
1	1	19303634	-4.15454242559	-15.3391754222	1.78975849521	
4	1	19303634	13.1788055937	26.2848907227	8.56624770604	
2	1	19311864	34.9042093816	-6.37133891072	-7.99754606448	
2	1	19319331	42.6352399558	0.431774469837	-9.72549180725	
4	1	19319331	13.3786879886	25.663117231	8.59950977674	
0	1	19324254	-1.90077270128	-4.49672521564	-6.89626565775	
5	1	19324254	11.7433987508	-0.411612393373	9.55798784396	
6	1	19324254	15.7317818543	-2.23381520319	2.62667986111	
2	1	19327822	41.7728731101	1.64357942128	-6.59955995754	
5	1	19327822	3.74471038289	-3.15323873494	11.6091803856	
1	1	19333961	-6.44983975095	-11.3820960217	4.29051001655	
2	1	19339969	39.2317302756	1.41710477558	-9.80053383372	
5	1	19339969	3.55792169916	-3.24589552113	14.3131962682	
1	1	19341492	-4.03045660737	-15.483808464	2.33571374145	
4	1	19341492	15.5063456071	20.7660509132	9.69096577932	
2	1	19347075	37.7215090389	-1.53302792275	-9.85839544914	
5	1	19347075	2.80180738301	-3.77184394843	14.8676016262	
6	1	19351864	22.5550523413	-4.98647921751	7.21003487851	
6	1	19351864	16.7459771848	-1.20747195155	-10.1492895127	
6	1	19354372	23.8284467818	-3.11065664628	8.8756506741	
0	1	19354372	9.69935917266	-0.498565721444	-10.1289385315	
6	1	19355441	13.0478763039	-6.63416387809	2.91222099923	
8	1	19356772	27.8127780783	-4.00787793607	7.3407111864	
0	1	19356772	10.4296804343	-2.22912867177	-10.6273751169	
2	1	19358342	31.3278102247	-2.06799989983	-13.7491178069	
5	1	19358342	2.69968412736	-4.6021778375	13.7907319978	
6	1	19359996	19.6912701023	-0.202269919925	-10.5157707202	
5	1	19359996	2.06935019267	-0.617720078676	8.82916547432	
2	1	19361734	37.2083962433	-0.987736022906	-10.0046972372	
5	1	19361734	2.76041868943	-2.27373186805	11.1863612756	
0	1	19386777	11.7200069815	-3.35840886344	-11.6631873195	
5	1	19386777	4.64318713773	-2.55476943902	13.4944984803	
2	1	19389386	43.2441276356	2.09056779874	-8.65873101163	
5	1	19389386	3.72790663525	0.450596632141	14.9816785024	
2	1	19391550	35.8217620367	-2.02573309672	-11.577500358	
5	1	19391550	3.31134705085	-4.10993318451	14.6759142063	
7	1	19394795	-7.05586381486	-6.57219788422	6.16265928706	
6	1	19398276	17.2877275047	-1.34823374237	-10.7793823484	
5	1	19398276	3.72128912976	-0.750777475303	15.9092790791	
0	1	19400553	-1.85276863549	-0.0418089293385	-6.4569506282	
1	1	19403681	-2.97449879723	-12.702477291	-4.46620121076	
6	1	19407530	15.9804966545	-2.28972345324	-4.99437122061	
2	1	19410199	40.1773449957	-5.92592786073	-6.10710400245	
2	1	19412263	36.7382780535	-8.23550286631	-5.3615798558	
7	1	19413224	-6.36880423859	-3.54732071039	3.97184165942	
7	1	19419205	-6.60506232182	-4.35268943115	4.59508503554	
7	1	19424476	-5.84290989181	-4.02873127175	3.69800846714	
7	1	19425545	-2.08012051132	-3.90001540256	2.70016965535	
7	1	19426373	-6.89763694441	-9.25768118493	4.50913899769	
7	1	19427300	-6.65414117026	-3.96699501578	5.3227779863	
7	1	19428020	-4.47659156709	-6.66576799362	3.01519310527	
7	1	19428844	-6.85827243703	-4.02632514357	5.13247109338	
7	1	19429623	-5.98650618463	-3.27698915149	4.62128845221	
7	1	19430447	-5.6021660512	-4.21379413968	4.25754896962	
2	1	19431366	41.8274801959	1.19431966726	-10.603107528	
4	1	19431366	15.4447854482	20.7208331332	9.14845779048	
7	1	19431971	-5.33538062598	-5.40803885244	2.85495618827	
2	1	19433047	39.4395771855	0.659788080918	-10.7816341915	
7	1	19435075	-2.57119308549	-4.31245233571	-0.564860263456	
7	1	19438959	-5.05113491462	-2.01919771574	1.92597416139	
7	1	19439835	-0.891179787447	-0.806980105744	-0.0678970578007	
7	1	19452074	0.0872646359227	-4.21648250952	-0.320812001383	
7	1	19455251	-6.3626892373	-2.9056475691	3.76721061244	
7	1	19457414	-3.31528730095	-2.06417537941	0.568082924692	
8	1	19458662	20.6201528309	-10.0040484884	-1.82135270796	
7	1	19459559	-2.67980014251	-1.13525847803	0.542431824651	
7	1	19461730	-3.22958351468	-1.3568519375	0.706855415775	
7	1	19463162	-5.45140079975	-4.29376159304	4.02204203994	
7	1	19465479	-3.22613339648	-5.52188706371	6.18897373928	
1	1	19467156	-4.7271283786	-15.6478736885	2.55465489269	
4	1	19467156	13.1776147644	26.2832741663	8.5589113741	
7	1	19469231	-7.13672225885	-5.92703208916	5.5951588743	
1	1	19471432	-4.97155457376	-11.0662151161	5.30451266682	
1	1	19473235	-0.141553838487	-14.5322148672	-2.22074835442	
7	1	19476440	-5.82725703445	-3.0418583321	4.20622835843	
7	1	19479536	-0.19479911681	-3.41860810791	-0.607920731634	
0	1	19480725	2.12059760478	-4.88248381705	-2.06880643766	
7	1	19482807	-3.71429654999	-4.15190953001	0.51966931954	
7	1	19505688	-6.00935144889	-8.64506099357	2.66147919755	
7	1	19517706	-2.3865600393	-1.16203783556	0.747993324789	
1	1	19530381	-4.0210451449	-15.4792068784	2.35211947785	
4	1	19530381	13.1936741709	26.1332351141	8.44921538757	
1	1	19575103	-4.70622965773	-15.6060766063	2.62981950489	
4	1	19575103	13.3976276998	25.4994538133	8.33699945899	
1	1	19584040	-4.25891179395	-15.30575859	1.92057743564	
4	1	19584040	13.4176033861	25.4332305259	8.37843573598	
1	1	19601425	-2.43679779173	-14.400404817	2.15916655592	
4	1	19601425	13.4668285956	24.8249340781	7.8342332183	
1	1	19601932	-4.20015440238	-15.6697661735	2.80848134721	
4	1	19601932	13.1766166752	26.2733372416	8.54498372124	
1	1	19608591	-4.63550399998	-15.5991316258	2.58407644417	
4	1	19608591	13.2828847217	25.7078621212	8.29469818362	
1	1	19636467	-4.2136946621	-15.6482766195	2.54234374755	
4	1	19636467	13.1343821069	25.8514687618	8.01816158431	
1	1	19710365	-3.95380136209	-14.9806850882	1.33261829552	
4	1	19710365	13.1779779847	26.2399247532	8.47897078966	
2	1	19752505	42.4463195081	-0.807748175529	-5.99605247135	
4	1	19752505	13.4618982367	25.0329455162	7.85527025597	
7	1	19856118	-2.41621755677	-0.956281867315	0.335283228082	
7	1	19911507	-4.00099951025	-3.8235564053	0.947302606943	
7	1	19914730	-0.0194693086914	-0.176939557836	0.224640546194	
7	1	19915989	-1.90143536312	-2.35892965345	1.39900594783	
7	1	19917299	-1.27566752675	-2.07216278837	0.608724943408	
1	1	19919075	-3.1478354144	-13.7133529471	3.65482281277	
7	1	19920281	-0.305427010779	-4.69292381303	4.19626098923	
7	1	19922025	-5.70635568789	-4.47254532668	5.01288845282	
7	1	19923307	-2.22076056005	-4.03994734245	3.9737443137	
2	1	19923964	37.6241703308	-7.7199738341	-5.81195462935	
0	1	19925037	9.83513836482	-10.6126496465	-2.91282895322	
4	1	19925037	13.4143600657	23.3882000399	5.67946896683	
1	1	19926791	-0.179127841642	-8.02548989269	-1.13008163286	
7	1	19927922	-4.19771799566	-4.23803434956	3.7319935435	
1	1	19930010	-2.97663138146	-13.5537519747	0.392226592659	
4	1	19930010	15.7261745659	19.8416958355	9.07176789625	
1	1	19931209	-4.10842837554	-15.6276516572	3.06016549978	
4	1	19931209	13.0081442809	26.147700025	8.05121972774	
7	1	19950457	-0.150233213834	-1.66648467954	-0.111216756893	
7	1	19953640	-0.293328048749	-1.25167305815	0.204582667619	
7	1	19955673	-4.89017547622	-5.52458792705	6.65747353641	
7	1	19961051	-2.6831639257	-6.52692467927	2.69186837972	
0	1	19964976	11.3172522993	-0.0533399598987	-10.9579446323	
5	1	19964976	8.39508748702	-1.53163342134	14.1076866123	
7	1	19967581	0.998487629679	-1.94773556214	-0.321982662131	
7	1	19970074	-6.50768195261	-4.03918769106	4.17581708917	
1	1	19971172	-1.93657181639	-16.7500686574	0.329159981354	
4	1	19971172	13.1776147644	26.2832741663	8.5589113741	
7	1	19973162	-4.48287049884	-4.22397655049	4.09340049867	
7	1	19975158	-2.49213922286	-4.5740678326	3.05371046176	
7	1	19976883	-5.14185372242	-4.55596058525	3.92784906527	
7	1	19978795	-2.67346487189	-3.37126946467	0.692859097486	
1	1	19980500	-4.2081039901	-13.9968190435	0.722540673144	
0	1	19983924	6.13816627839	-5.04092153686	-1.51332013856	
1	1	19985392	-4.47302898259	-14.3435318114	0.379504863962	
4	1	19985392	13.2190520254	26.0108297414	8.17774900439	
1	1	19988460	-4.49319882583	-14.2663259848	0.181824228163	
4	1	19988460	13.2188390791	26.0143083861	8.19652902287	
