4	CX59	-0.52492558562	-0.237252716591	0.110021447323	
4	CX65	-0.527504521945	-0.238624343766	0.123325319914	
4	CX67	-0.510766888349	-0.236647920409	0.113608838765	
4	CX104	-0.530791539633	-0.237541149613	0.11428898245	
4	CX143	-0.524600681511	-0.238099229345	0.120999300094	
4	CX149	-0.530218243653	-0.22720317891	0.117382047036	
4	IRIS_313-8268	-0.518324385657	-0.205651351211	-0.044923565361	
4	IRIS_313-8326	-0.541359124693	-0.174216360567	-0.204127549224	
4	IRIS_313-8385	-0.528302518979	-0.168898635391	-0.204481023667	
4	IRIS_313-8656	-0.486555615014	-0.117740607617	-0.14052389244	
4	IRIS_313-8712	-0.508054089968	-0.235831309077	0.0122780354091	
4	IRIS_313-8747	-0.523000609358	-0.245515583943	0.129179711505	
4	IRIS_313-8813	-0.53313947435	-0.168106082722	-0.186736938177	
4	IRIS_313-9083	-0.468278628197	-0.239864609942	0.122979751232	
4	IRIS_313-9172	-0.50744217361	-0.223227857999	-0.0159284766121	
4	IRIS_313-9601	-0.467714092158	-0.22760802407	0.124273119371	
4	IRIS_313-9629	-0.517571486815	-0.233386784257	0.109204543173	
4	IRIS_313-10670	-0.436889952557	-0.170758160964	0.314967798743	
4	IRIS_313-10851	-0.129302353138	0.26266091148	-0.19353094784	
4	IRIS_313-10868	-0.498060908051	-0.232621523231	0.134364103778	
4	IRIS_313-10926	-0.527064041212	-0.212830872709	-0.0315063818215	
4	IRIS_313-10933	-0.500007339708	-0.16642626986	0.0207130770322	
4	IRIS_313-11021	-0.525836246294	-0.118925289261	-0.131314219472	
4	IRIS_313-11022	-0.517582641334	-0.119782319536	-0.129693425621	
4	IRIS_313-11023	-0.5289375812	-0.120076416132	-0.13409682919	
4	IRIS_313-11026	-0.531128651452	-0.24013275446	0.107028766122	
4	IRIS_313-11218	-0.39854782029	0.93576585228	0.293144730289	
4	IRIS_313-11258	-0.525987578732	-0.233593211761	0.109708232792	
4	IRIS_313-11268	-0.485408323082	-0.224767114668	-0.0285441386831	
4	IRIS_313-11289	-0.516002080136	-0.234397416593	0.00479966745046	
4	IRIS_313-11293	-0.433445869655	-0.16754061999	0.243139573268	
4	IRIS_313-11451	-0.523817920005	-0.231049942476	0.134072201233	
4	IRIS_313-11564	-0.514103362417	-0.144137596722	-0.0103179645906	
4	IRIS_313-11567	-0.383008486269	0.922915181251	0.283977807584	
4	IRIS_313-11625	-0.491638994376	-0.219509560668	-0.0198369826054	
4	IRIS_313-11627	-0.510794092646	-0.201247009198	-0.0755150230267	
4	IRIS_313-11630	-0.514501573376	-0.206256240723	-0.0257657310654	
4	IRIS_313-11632	-0.502997818534	-0.192239772055	-0.0821478597885	
4	IRIS_313-11743	-0.507173236045	-0.213098970749	-0.0242451508558	
4	IRIS_313-11825	-0.521605956678	-0.245523293237	0.123547229048	
4	IRIS_313-11826	-0.533711688126	-0.124833715591	0.016139297243	
4	IRIS_313-12074	-0.499903694396	-0.231647826255	-0.00901678502881	
4	IRIS_313-12094	-0.409270863265	0.883874801774	0.268997675018	
4	CX66	-0.529015824962	-0.235648666831	0.122152002905	
4	CX110	-0.528048063306	-0.235116464344	0.115975512568	
4	IRIS_313-8765	-0.500589796695	-0.124381693719	0.024015842056	
4	IRIS_313-8814	-0.513390996753	-0.231935112083	0.0759696501352	
4	IRIS_313-9170	-0.360361935733	0.840667422442	0.269269771515	
4	IRIS_313-9445	-0.435979470508	-0.24290272036	0.235683659122	
4	IRIS_313-9682	-0.381576852041	0.836547601403	0.249129199766	
4	IRIS_313-10521	-0.52830971518	-0.239357085912	0.107776040716	
4	IRIS_313-10732	-0.391446193135	0.930455541388	0.296206148866	
4	IRIS_313-11030	0.363561976847	-0.0441482394419	-0.0307878936727	
4	IRIS_313-11259	-0.25079948625	0.305136842717	-0.431926635214	
4	IRIS_313-11350	-0.388311835928	0.876594546282	0.299138193196	
4	IRIS_313-11356	-0.532571430685	-0.227249182561	0.112694820236	
4	IRIS_313-11362	-0.509697507054	-0.237786130583	0.134616249357	
4	IRIS_313-11373	-0.522084014473	-0.20593391927	-0.0690747005742	
4	IRIS_313-11375	0.4466653047	-0.0095465519172	-0.0111319721819	
4	IRIS_313-11401	-0.428743697287	-0.181448028102	0.331675700142	
4	IRIS_313-11698	-0.498693412122	-0.222999551446	-0.02395503516	
4	IRIS_313-15909	-0.526532676263	-0.211750194312	0.0962482229103	
5	B023	0.476000237435	-0.0166583003555	-0.0242412232298	
5	B047	0.331931676853	0.0495573101878	0.0327058804018	
5	B084	-0.521218918357	-0.20545255056	-0.184801421842	
5	B086	-0.539028802034	-0.217077123574	-0.0594730631662	
5	B124	0.37046431322	-0.0301039576697	0.0147879240969	
5	B143	-0.386568600365	-0.189452344705	-0.168162121022	
5	B152	0.297717895048	0.000987670892357	0.0697878936766	
5	B164	-0.483251945617	0.0313027680744	-0.177423008731	
5	B173	0.472235822736	-0.0449752705061	-0.0126133454517	
5	B221	0.191069420035	0.0322284278884	0.0860000031975	
5	B243	-0.55531414314	0.0197691861488	-0.187572092531	
5	CX46	0.364233499191	0.00671348147738	0.0152459369288	
5	CX72	-0.526066873132	-0.113788599526	-0.139177676003	
5	CX155	0.366818771914	0.00792874391402	-0.0271231319173	
5	CX227	0.0621962203485	0.084744633698	0.141733330583	
5	IRIS_313-7933	-0.525028961444	-0.228312964728	-0.0100809768497	
5	IRIS_313-8256	-0.531028495339	-0.220281168648	-0.0489912781857	
5	IRIS_313-8302	0.0948949244843	-0.424027104667	0.54293039544	
5	IRIS_313-8382	0.351345781648	0.0621869108703	0.00835060026461	
5	IRIS_313-8436	-0.489613817563	0.784945814532	0.122747301831	
5	IRIS_313-8872	0.0888565625437	-0.406405818613	0.55593387852	
5	IRIS_313-8911	0.201661025812	0.0509450256203	0.108177639413	
5	IRIS_313-8986	0.290009725139	0.0642003156249	0.0374700131672	
5	IRIS_313-9053	-0.472373137051	0.39693899176	-0.38604049876	
5	IRIS_313-9101	-0.465900312021	-0.230589931044	0.473081138778	
5	IRIS_313-9137	-0.0221627094663	-0.191973386633	0.117096912098	
5	IRIS_313-9242	0.181916350118	0.0469061570694	0.125537716318	
5	IRIS_313-9313	0.51481766226	-0.0503970151034	-0.0505664613293	
5	IRIS_313-9392	0.194332056642	0.0270310561507	0.0832507054057	
5	IRIS_313-9403	0.356481136027	-0.0115153731332	-0.0242896604628	
5	IRIS_313-9506	0.290770061327	0.0837301911595	0.00249843982799	
5	IRIS_313-9695	0.292999777544	0.0230475930663	0.0378551830279	
5	IRIS_313-9783	-0.524538343396	-0.215117263561	-0.0456219295729	
5	IRIS_313-9949	-0.545257654419	-0.227752245179	0.0737986674202	
5	IRIS_313-10562	-0.511430164829	0.44794128464	-0.410860739687	
5	IRIS_313-10609	0.523576077247	-0.0291387924773	-0.053322514604	
5	IRIS_313-10671	0.224432856677	0.0842750300217	0.0426160690323	
5	IRIS_313-10676	-0.277485461323	0.384042669646	-0.443990428225	
5	IRIS_313-10738	0.251995913274	-0.036556484116	0.0564494164022	
5	IRIS_313-10740	-0.365981641707	0.923029781765	0.436392755143	
5	IRIS_313-10771	0.138697459144	-0.18838086905	0.197421132022	
5	IRIS_313-10785	-0.385905564929	0.937662826075	0.433213133207	
5	IRIS_313-10786	0.362809543919	-0.0439388750661	-0.030708860574	
5	IRIS_313-10787	0.171254080938	0.0515897774306	0.100104481063	
5	IRIS_313-10790	-0.52863113199	-0.0899830107914	-0.0254693300289	
5	IRIS_313-10800	-0.476876430555	0.836964744249	0.0427258666878	
5	IRIS_313-10816	-0.519588678035	0.784481285064	0.0251299964267	
5	IRIS_313-10817	-0.51087194956	0.796387023338	0.0279657746635	
5	IRIS_313-10850	0.221823786365	-0.00330152028973	0.146199246221	
5	IRIS_313-10854	-0.585083795162	0.0199775176159	-0.188843184623	
5	IRIS_313-10856	0.319285682341	0.0119368219377	0.0135342462525	
5	IRIS_313-10857	-0.280239166002	0.385430293671	-0.445557055324	
5	IRIS_313-10859	0.514818460578	-0.050393683164	-0.0505731091581	
5	IRIS_313-10861	-0.600796768441	0.0160364538967	-0.191806215739	
5	IRIS_313-10864	-0.514344853678	-0.230254297955	-0.0192204712229	
5	IRIS_313-10871	-0.558864306452	-0.0349080141844	-0.0272879340751	
5	IRIS_313-10872	-0.561794309948	0.384868919253	-0.350429702221	
5	IRIS_313-10873	-0.610442280884	0.175470135749	-0.241413585524	
5	IRIS_313-10876	-0.570260695587	-0.0377243738334	-0.0274267183573	
5	IRIS_313-10877	-0.564172905178	-0.0433403319146	-0.0261287295745	
5	IRIS_313-10878	-0.570728923149	-0.0358335156215	-0.0188958243523	
5	IRIS_313-10879	0.277220168977	0.0223570548602	0.0166515776841	
5	IRIS_313-10881	-0.567808503787	-0.0866990855905	-0.0173461033733	
5	IRIS_313-10882	0.390176229197	0.01234290187	-0.0415712037599	
5	IRIS_313-10883	-0.568008258579	-0.0875976082044	-0.0197250095297	
5	IRIS_313-10891	0.381425534748	0.0355207210747	-0.0435038688061	
5	IRIS_313-10892	-0.574336300691	-0.0401129435786	-0.013329908157	
5	IRIS_313-10894	0.389625096915	0.0121131823844	-0.0407787242197	
5	IRIS_313-10896	0.387557664787	0.0110728335981	-0.0437713251306	
5	IRIS_313-10918	-0.4483681537	-0.219928063128	0.510021027542	
5	IRIS_313-10936	-0.482466298336	0.820306713524	0.039652259141	
5	IRIS_313-10980	0.321304865995	0.038119915053	-0.00632001293199	
5	IRIS_313-11005	-0.404710404836	-0.217209087423	0.478153640232	
5	IRIS_313-11031	0.208907099637	0.0256734764732	0.0896143801208	
5	IRIS_313-11032	-0.528521122783	-0.116751744685	-0.137486364604	
5	IRIS_313-11046	-0.552907132513	-0.162737018885	-0.0771576251467	
5	IRIS_313-11062	-0.500770150715	-0.235375388467	0.0199962152476	
5	IRIS_313-11068	-0.51552485334	-0.235108857754	-0.00200698962461	
5	IRIS_313-11095	0.248038342643	0.0431431475103	0.0680561113138	
5	IRIS_313-11136	0.4802993294	-0.0103990345164	-0.0428875474608	
5	IRIS_313-11204	0.495349540576	-0.0189695234247	-0.0420033082889	
5	IRIS_313-11223	0.218525199578	0.0186574471441	0.0835702604656	
5	IRIS_313-11257	0.538797979681	-0.0371073997816	0.0147619181956	
5	IRIS_313-11263	0.506008360087	-0.0571794833348	-0.0349304059058	
5	IRIS_313-11269	0.270828435271	0.0428946376215	0.0710343843503	
5	IRIS_313-11270	0.308231867326	-0.0108450120441	0.0427191164065	
5	IRIS_313-11274	0.400008565795	0.0129546761249	-0.0450291925874	
5	IRIS_313-11285	0.516630296849	-0.0429700305898	-0.0439128578899	
5	IRIS_313-11290	0.277475239943	0.00925982977924	0.0759813690481	
5	IRIS_313-11295	0.291397038551	0.0640711919165	0.0383336035142	
5	IRIS_313-11297	-0.515574416434	-0.239430695605	0.0127696953443	
5	IRIS_313-11302	0.290490400552	0.0836969168447	0.00270070390818	
5	IRIS_313-11352	0.164575620073	-0.283652090479	0.30324546244	
5	IRIS_313-11452	-0.552264275866	-0.0312129266418	-0.0221109785524	
5	IRIS_313-11453	0.436601318967	-0.0346999535387	-0.0305130475107	
5	IRIS_313-11460	0.34656194229	-0.013211648935	-0.0239821494786	
5	IRIS_313-11484	0.357832783824	-0.0454954864473	-0.0284061836363	
5	IRIS_313-11591	-0.376661771693	0.960807431315	0.320705669947	
5	IRIS_313-11617	-0.60707964985	0.0309192374725	-0.173721945233	
5	IRIS_313-11626	-0.523058381041	-0.218998882817	-0.0206620886584	
5	IRIS_313-11643	0.506022493036	-0.0571779476487	-0.0349379083579	
5	IRIS_313-11644	0.0180030864922	0.114204898122	0.112136715625	
5	IRIS_313-11671	0.350821140611	-0.0245350720595	-0.0359802234343	
5	IRIS_313-11690	0.0900911962982	-0.427042848787	0.539838785316	
5	IRIS_313-11737	-0.279682307752	0.342666104891	-0.410004862634	
5	IRIS_313-12052	0.0125466995035	0.116407215575	0.108280837134	
5	IRIS_313-12183	-0.605132803218	0.028253742832	-0.174807875366	
0	B010	0.341174068986	-0.00174599403063	0.0133897726566	
0	B026	0.352114739791	-0.00573483555601	0.0132554358387	
0	B029	0.315355554054	0.0138384246458	0.0168107654986	
0	B059	0.518692881105	-0.0463215263289	-0.052199982151	
0	B061	0.354237902085	-0.00271472411601	0.0141621703396	
0	B064	0.501939262687	-0.0526908183454	-0.0583560280551	
0	B073	0.480845635098	-0.00250453324133	-0.0499211525755	
0	B074	0.460580011392	-0.0365174420467	-0.0160957865583	
0	B076	0.317596363143	0.0414469687545	-0.0127158251579	
0	B079	0.290705603528	0.0836522060589	0.00270267774092	
0	B081	0.338116004784	0.00152926259452	0.0149600086754	
0	B089	0.286072932155	0.0486649021207	0.0350262601403	
0	B090	0.236629072618	0.0841193516782	0.0343817559946	
0	B091	0.294417278415	0.0663524265538	0.0350128117095	
0	B092	0.348499290007	-0.00478614620094	0.0136431533835	
0	B094	0.286640430568	0.0604869935238	0.0481120184093	
0	B095	0.491558217251	-0.00421204557263	-0.0508682237166	
0	B096	0.292932282974	0.0663742466309	0.0346709338625	
0	B097	0.366810263291	0.035202112435	-0.0242067107342	
0	B105	0.512442078982	-0.00728036660865	-0.0635366872835	
0	B107	0.291809570949	0.0829567369286	0.0041088921161	
0	B113	0.469987510587	-0.00349319673102	-0.0484753510321	
0	B115	0.356591748522	-0.00509614504742	0.0127737867313	
0	B116	0.356485315865	-0.00522638023398	0.0130859185565	
0	B121	0.355590679313	-0.00427205829623	0.0132165563178	
0	B123	0.302014299723	0.0661046767754	0.0365110415192	
0	B125	0.479523687157	-0.043080325269	-0.0411079518067	
0	B129	0.351424731625	0.0220519042979	0.00318493760527	
0	B130	0.248073218395	0.0652689198078	0.05511132041	
0	B131	0.52254450882	-0.0227189592123	-0.051802066818	
0	B140	0.356504334858	-0.00522860107474	0.0130804500564	
0	B149	0.35648072523	-0.00522272575179	0.0131026887099	
0	B150	0.432573793315	-0.0107881624398	-0.0373573950192	
0	B157	0.521596110839	-0.0513936690867	-0.0523697850535	
0	B163	0.39488541194	-0.00242280767699	0.00021409628379	
0	B197	0.356506365141	-0.00523025385282	0.0130761863387	
0	B208	0.290679037667	0.0836910682358	0.00240360326415	
0	B210	0.29442359611	0.0663387032715	0.0350454327457	
0	B214	0.37252398823	0.00750388126246	0.0115723026494	
0	B216	0.485347866957	-0.0647050911088	-0.0187110159493	
0	B217	0.506022280716	-0.0571778330384	-0.0349380430955	
0	B222	0.288940990721	0.0669227264323	0.0374810271199	
0	B229	0.300518715088	0.0459803658663	0.0341619034569	
0	B247	0.315552181671	0.044755245993	0.00712857026025	
0	B249	0.509830350223	-0.0472749378413	-0.0593980665357	
0	B252	0.504738176975	-0.0586886279218	-0.035368585738	
0	B253	0.293391979372	0.0573642065178	0.0295572228312	
0	B254	0.293500607567	0.0576792949939	0.0293268194016	
0	B259	0.287978905961	0.0622313152576	0.0457754353925	
0	B261	0.290776365933	0.083725938461	0.00251772141573	
0	B264	0.356505300537	-0.00523216825577	0.0130797383485	
0	B265	0.361631851379	0.0073855648755	0.00918196138167	
0	CX60	0.0643248308841	0.0720797582862	0.145876110274	
0	CX114	0.356500515877	-0.0052209201634	0.0130831002299	
0	CX141	0.4888835613	-0.00330416989716	-0.0534476564734	
0	CX148	0.362782953561	-0.044063015451	-0.0316665498247	
0	CX150	0.0206937991727	0.111215158571	0.112634527354	
0	CX154	0.481828483276	-0.00268531947874	-0.0447212150638	
0	CX158	0.492151444945	-0.00400240626528	-0.0513191651157	
0	CX162	0.372000601095	0.00752827593836	0.0117747964405	
0	CX270	0.287794500887	0.0502945424287	0.0488724735435	
0	CX403	0.371568989221	0.0075760738696	0.011920127566	
0	IRIS_313-7736	0.508114401838	-0.0326743768509	-0.0665287270797	
0	IRIS_313-8253	0.490305196735	-0.00389153397586	-0.0515353562074	
0	IRIS_313-8305	0.346724506065	-0.0129364449893	-0.0244039167826	
0	IRIS_313-8312	0.439506991792	-0.0136340038125	-0.034851043998	
0	IRIS_313-8315	0.485331786727	-0.0150946658522	-0.0536658417103	
0	IRIS_313-8332	0.352793203828	0.0627388058128	-0.00847246795731	
0	IRIS_313-8349	0.394279977577	-0.0162292184797	-0.00473789504619	
0	IRIS_313-8386	0.509201551145	-0.0485596808562	-0.0402341355536	
0	IRIS_313-8401	0.35626204032	-0.00290192643391	0.00202929030452	
0	IRIS_313-8407	0.407943876696	0.052166249297	-0.03774357051	
0	IRIS_313-8414	0.347648706039	0.0617348457299	-0.00292571165849	
0	IRIS_313-8453	0.291822613895	0.0838606578029	0.00249392124398	
0	IRIS_313-8454	0.290711859818	0.0837877679828	0.00243372483502	
0	IRIS_313-8458	0.503522197392	-0.0575326788816	-0.0333996371364	
0	IRIS_313-8485	0.488774052958	-0.00362051686105	-0.0527626042171	
0	IRIS_313-8493	0.479988914222	-0.0170882075084	-0.0282386760094	
0	IRIS_313-8530	0.48845676467	-0.0520670983636	-0.0279091699633	
0	IRIS_313-8557	0.492919028985	-0.00450897664443	-0.0509754025331	
0	IRIS_313-8568	0.392020743373	-0.0134124790209	-0.0142094267598	
0	IRIS_313-8585	0.353197084756	0.0382778734516	-0.0259647654369	
0	IRIS_313-8586	0.48572629843	-0.00354111344382	-0.0508550649162	
0	IRIS_313-8603	0.356518438671	-0.00523254540287	0.0130754275491	
0	IRIS_313-8621	0.487643825937	-0.0194740580284	-0.0253011003141	
0	IRIS_313-8660	0.52202208895	-0.0519669540864	-0.0525294932444	
0	IRIS_313-8725	0.492350881852	-0.00417306131401	-0.0510901001186	
0	IRIS_313-8844	0.452908626023	-0.0398572060603	-0.0297216184906	
0	IRIS_313-8900	0.485926402581	-0.0222263877977	-0.0320897237001	
0	IRIS_313-8924	0.511783779926	-0.0507757720203	-0.0442340955553	
0	IRIS_313-8925	0.532526084144	-0.0510378925327	-0.0545426948082	
0	IRIS_313-8930	0.522256913861	-0.0520734338947	-0.0524486484608	
0	IRIS_313-8935	0.436084639732	-0.00562175019714	-0.0178810404542	
0	IRIS_313-8940	0.356494476609	-0.00522341490463	0.0130898433502	
0	IRIS_313-8946	0.365758005987	0.0105940191785	0.016568083273	
0	IRIS_313-8948	0.491742486203	-0.00365787372682	-0.0517774384155	
0	IRIS_313-8967	0.275811231135	0.0395938948806	0.0108221259308	
0	IRIS_313-8982	0.292061839838	0.0643119699933	0.0378199400969	
0	IRIS_313-8985	0.483325301882	-0.020274089708	-0.0210260914937	
0	IRIS_313-8988	0.430620743406	-0.0370200203514	-0.0271466042564	
0	IRIS_313-8994	0.359211950708	-0.00293730928286	0.000941149584189	
0	IRIS_313-9020	0.487343518337	-0.00336325418327	-0.0486624185346	
0	IRIS_313-9039	0.523287454855	-0.0106618685814	-0.0570597417056	
0	IRIS_313-9067	0.448797467432	-0.0379579175511	-0.0406275184021	
0	IRIS_313-9108	0.474640969286	-0.0347351868388	-0.0189455704789	
0	IRIS_313-9117	0.361666590261	-0.0441031941602	-0.0324831612926	
0	IRIS_313-9121	0.487683253796	-0.0196078702863	-0.0253685034385	
0	IRIS_313-9182	0.459988254928	-0.0511160262772	-0.00853400741846	
0	IRIS_313-9262	0.482702421454	-0.018804399275	-0.0237348394781	
0	IRIS_313-9317	0.486637811531	-0.0323479946782	-0.0311853558329	
0	IRIS_313-9320	0.490607900736	-0.019521548447	-0.0159449327862	
0	IRIS_313-9324	0.355722991475	-0.0046341250985	0.0133767862827	
0	IRIS_313-9325	0.506141130742	-0.0570552745476	-0.0352102861347	
0	IRIS_313-9384	0.290354935575	0.0312998717125	0.0437815609153	
0	IRIS_313-9406	0.477880154109	-0.00271189582753	-0.046123542038	
0	IRIS_313-9409	0.49261449995	-0.00413829558326	-0.0515386271591	
0	IRIS_313-9424	0.424523516541	-0.0327690087857	0.00319908705421	
0	IRIS_313-9427	0.517424366268	-0.0575408489268	-0.0423115525621	
0	IRIS_313-9469	0.29074571327	0.0837604730188	0.00245413420756	
0	IRIS_313-9492	0.359673681753	-0.0332150264489	-0.0229569863964	
0	IRIS_313-9560	0.363134639515	-0.00284226772411	-0.000254839980994	
0	IRIS_313-9570	0.291090475523	0.0834524236337	0.00287770182252	
0	IRIS_313-9590	0.39366084149	0.0222886238396	-0.00924671065167	
0	IRIS_313-9593	0.292179208982	0.0838854044684	0.00251739849176	
0	IRIS_313-9594	0.483849574368	-0.0193599146542	-0.0259310593072	
0	IRIS_313-9605	0.453368231881	-0.0178259864164	-0.0465164455037	
0	IRIS_313-9609	0.342815453159	0.0632462385397	0.00537211527491	
0	IRIS_313-9619	0.485922260827	-0.0185476338483	-0.0241433428686	
0	IRIS_313-9634	0.476833868852	-0.0472755625586	-0.0122204569051	
0	IRIS_313-9867	0.509828364344	-0.0509128198687	-0.0455959159515	
0	IRIS_313-9917	0.506034924553	-0.0571789909036	-0.0349418101333	
0	IRIS_313-9968	0.288491555582	0.0836793802547	0.00384313996401	
0	IRIS_313-9969	0.366519396862	-0.0456618503817	-0.0315020627691	
0	IRIS_313-9976	0.365063248618	-0.00395498880355	0.0108747713281	
0	IRIS_313-10171	0.51428803031	-0.0309209973487	-0.0689329624231	
0	IRIS_313-10177	0.436676630334	0.0113718689828	-0.069215114359	
0	IRIS_313-10179	0.491570253836	-0.00345882303122	-0.0515302279587	
0	IRIS_313-10189	0.470527860669	-0.00481224305559	-0.0527702559206	
0	IRIS_313-10221	0.489358229762	-0.0163197412791	-0.0592246787186	
0	IRIS_313-10477	0.491288045817	-0.00499516962287	-0.0503785135026	
0	IRIS_313-10503	0.428967844152	-0.0165620038398	-0.0052711022755	
0	IRIS_313-10511	0.491872300675	-0.00361171382131	-0.0521727207383	
0	IRIS_313-10518	0.485199650195	-0.0219377162564	-0.0333968938041	
0	IRIS_313-10560	0.382754234871	0.0395702674984	-0.0246337429171	
0	IRIS_313-10614	0.474415974213	-0.0170223897714	-0.0322455281694	
0	IRIS_313-10651	0.402925132485	0.0256247523223	-0.00665944450356	
0	IRIS_313-10652	0.496186288221	-0.0107559626994	-0.0411307672601	
0	IRIS_313-10664	0.457755091607	-0.0431696829837	-0.0314043605923	
0	IRIS_313-10666	0.290998592035	0.0833568425603	0.00282063408336	
0	IRIS_313-10667	0.40081669715	-0.0083729712017	-0.0245903050416	
0	IRIS_313-10668	0.513280477033	-0.0207981147815	-0.0394176828338	
0	IRIS_313-10674	0.290721888586	0.0837717696599	0.00243322165245	
0	IRIS_313-10675	0.494379211236	-0.0219096361643	-0.0360979231265	
0	IRIS_313-10681	0.488242263558	-0.0237460811147	-0.0168102300736	
0	IRIS_313-10682	0.290658832508	0.0837504360126	0.00245751498114	
0	IRIS_313-10687	0.364045288655	-0.0441427246932	-0.0322509785707	
0	IRIS_313-10688	0.476135657126	-0.0157173632716	-0.0298464286385	
0	IRIS_313-10697	0.435882521466	-0.0134512926283	-0.0337719000446	
0	IRIS_313-10706	0.483800316354	-0.000350670347112	-0.0534842898125	
0	IRIS_313-10748	0.473032698828	-0.058267182696	-0.0269071027655	
0	IRIS_313-10751	0.491835605658	-0.0195266703267	-0.0339915843678	
0	IRIS_313-10755	0.488167726054	-0.0213451809082	-0.0147219771462	
0	IRIS_313-10762	0.487187224354	-0.0166034428067	-0.0323639593066	
0	IRIS_313-10774	0.513714313829	-0.050936449251	-0.0528116346652	
0	IRIS_313-10778	0.491792272184	-0.00397688011299	-0.0509177037588	
0	IRIS_313-10779	0.364050301203	-0.0436633619487	-0.0321934195307	
0	IRIS_313-10806	0.488583479171	-0.00155059942593	-0.0509502433538	
0	IRIS_313-10810	0.355425902316	-0.0161365825997	-0.0198172704464	
0	IRIS_313-10813	0.492142161164	-0.00416283182356	-0.0510489057491	
0	IRIS_313-10814	0.485362106483	-0.000640376215395	-0.0492801610206	
0	IRIS_313-10822	0.403157663641	0.0152263312498	-0.0322412339595	
0	IRIS_313-10824	0.443888088782	-0.0047156414261	-0.0556675869229	
0	IRIS_313-10847	0.487881062632	-0.019458957611	-0.0257379254354	
0	IRIS_313-10855	0.507076278808	-0.0143705401704	-0.0615363222093	
0	IRIS_313-10858	0.487444992176	-0.0195484086307	-0.02530334198	
0	IRIS_313-10863	0.494252039971	-0.0218273076366	-0.0361150797305	
0	IRIS_313-10880	0.480880439535	-0.0389680918079	-0.0265678549818	
0	IRIS_313-10885	0.472663080661	-0.0142505291966	-0.0211343481832	
0	IRIS_313-10887	0.357126738378	0.0382718031779	-0.0281148704547	
0	IRIS_313-10897	0.478353950603	-0.0135872934575	-0.0248781555171	
0	IRIS_313-10900	0.487397164702	-0.0196079935555	-0.0253627484238	
0	IRIS_313-10912	0.492221167661	-0.0040516638451	-0.0512087239196	
0	IRIS_313-10924	0.348209763047	0.0625065423316	-0.00555298627664	
0	IRIS_313-10928	0.492183479869	-0.0293866686172	-0.0161618767194	
0	IRIS_313-10937	0.443836433774	-0.00470774171944	-0.0556265923186	
0	IRIS_313-10938	0.364051896684	-0.0441399398522	-0.0322842143232	
0	IRIS_313-10942	0.381984494546	0.0282322051656	-0.0190538278343	
0	IRIS_313-10944	0.438354989501	-0.0556405573342	-0.026287385765	
0	IRIS_313-10954	0.492322760225	-0.00414690431173	-0.0511451590561	
0	IRIS_313-10961	0.439199545678	-0.0131024109577	-0.0346328382495	
0	IRIS_313-10975	0.444421638136	-0.036552281454	-0.044001316884	
0	IRIS_313-10984	0.486976250373	-0.0195679285227	-0.0253744936708	
0	IRIS_313-10986	0.487580317899	-0.0196273377943	-0.0252920859687	
0	IRIS_313-10990	0.440789625407	0.0281041258234	-0.0456516826629	
0	IRIS_313-10995	0.479687245216	-0.0172013382087	-0.028778882856	
0	IRIS_313-10997	0.492320909256	-0.00415085656969	-0.0511055232568	
0	IRIS_313-11076	0.36073597271	0.0260778397658	-0.0124558062003	
0	IRIS_313-11079	0.466320152129	-0.00542830445816	-0.0357968105172	
0	IRIS_313-11081	0.352968096868	0.0301734445036	-0.032559149542	
0	IRIS_313-11083	0.290731556743	0.083758778521	0.00245181509709	
0	IRIS_313-11085	0.483738054813	-0.0218217272789	-0.016362439709	
0	IRIS_313-11089	0.49174820706	-0.00360029527576	-0.0518911727617	
0	IRIS_313-11097	0.493982797211	-0.00361944044982	-0.0539895264078	
0	IRIS_313-11113	0.518048294476	-0.0450255394513	-0.0556584551721	
0	IRIS_313-11118	0.494602533384	-0.0231826839696	-0.0173665141085	
0	IRIS_313-11162	0.47369171475	-0.0456833128673	-0.030491375587	
0	IRIS_313-11205	0.487682425688	-0.0196087913056	-0.0253660989801	
0	IRIS_313-11206	0.442276676032	-0.0129796300608	-0.0371359984489	
0	IRIS_313-11234	0.505993146087	-0.057029039687	-0.0353338092701	
0	IRIS_313-11255	0.332089518337	0.0315586389632	-0.00786102765079	
0	IRIS_313-11256	0.506036369888	-0.0571792325471	-0.0349407977716	
0	IRIS_313-11260	0.323269571113	0.0322167005277	0.00914786241428	
0	IRIS_313-11261	0.360994581458	-0.0021681770395	-0.00109266636134	
0	IRIS_313-11262	0.522133211344	-0.0517864044218	-0.0526043380299	
0	IRIS_313-11264	0.241248037042	0.015000282268	0.0542397865176	
0	IRIS_313-11266	0.487717037391	-0.019610601939	-0.0254046237494	
0	IRIS_313-11267	0.482891959698	-0.0188878362578	-0.0236544464048	
0	IRIS_313-11271	0.483069572335	-0.0214425748772	-0.0245029974997	
0	IRIS_313-11273	0.505423807063	-0.0586112152019	-0.0327793123135	
0	IRIS_313-11275	0.354422208243	0.0725720122791	-0.00986857629095	
0	IRIS_313-11276	0.17676924734	0.0570890522084	0.0882107688488	
0	IRIS_313-11278	0.286731819438	0.0837325124436	0.00473875530073	
0	IRIS_313-11279	0.445556363404	-0.032966829141	-0.0175876745904	
0	IRIS_313-11280	0.373115325469	0.00941069315892	0.0189845942351	
0	IRIS_313-11281	0.287087331014	0.0606531101419	0.0474769030518	
0	IRIS_313-11282	0.352667323399	0.0103013931302	0.0101101948728	
0	IRIS_313-11283	0.350455796802	0.0392879260154	-0.0255176441661	
0	IRIS_313-11284	0.478480800943	-0.047229552239	-0.0126602082639	
0	IRIS_313-11286	0.361096575045	-0.00222182883693	-0.00126010573536	
0	IRIS_313-11287	0.4935460865	-0.035815595717	-0.0170505859513	
0	IRIS_313-11288	0.506123671246	-0.0568421230452	-0.035744914447	
0	IRIS_313-11292	0.47846400291	-0.0470704450371	-0.0130818367913	
0	IRIS_313-11294	0.49315876892	-0.0133559153781	-0.0364352540328	
0	IRIS_313-11296	0.363498490379	0.0077545362361	0.0143092693849	
0	IRIS_313-11299	0.294366257704	0.066347519992	0.0350136882356	
0	IRIS_313-11300	0.441476972459	-0.0331747122914	-0.0441473534877	
0	IRIS_313-11301	0.500291377028	-0.0177080937844	-0.0434772104297	
0	IRIS_313-11303	0.283616023036	0.0795075206288	0.0171654850833	
0	IRIS_313-11304	0.354155549749	0.0381336959353	-0.0261782804904	
0	IRIS_313-11305	0.224588844498	0.0854674407289	0.0414871892378	
0	IRIS_313-11306	0.330949195372	0.0315299126812	-0.00621992320013	
0	IRIS_313-11307	0.291264594968	0.0830684924679	0.00349073872901	
0	IRIS_313-11308	0.487671032629	-0.019612395308	-0.025438723105	
0	IRIS_313-11309	0.352507971407	0.0624736814479	-0.00777529086632	
0	IRIS_313-11310	0.514108561901	-0.053538501531	-0.0426295925735	
0	IRIS_313-11316	0.492287555006	-0.00411901890499	-0.0511557474216	
0	IRIS_313-11321	0.487707977483	-0.019632239566	-0.0253189218112	
0	IRIS_313-11338	0.440646407147	0.0285243054194	-0.0458132009888	
0	IRIS_313-11345	0.440627494984	0.0285251451017	-0.0458068059349	
0	IRIS_313-11346	0.500453271406	-0.0571609354277	-0.0337286213832	
0	IRIS_313-11347	0.440850795714	0.0283916943526	-0.0459444857593	
0	IRIS_313-11382	0.462613762699	0.00233316934637	-0.0446261980729	
0	IRIS_313-11383	0.491860651744	-0.0195434854962	-0.0339712788153	
0	IRIS_313-11386	0.468932851376	0.00743961514904	-0.0499105559158	
0	IRIS_313-11407	0.354098457552	0.0137146806012	0.00973486645011	
0	IRIS_313-11442	0.353038188002	-0.0049585570672	0.0129782963533	
0	IRIS_313-11443	0.35988894698	-0.00257631398024	-0.000751860013819	
0	IRIS_313-11447	0.290714179806	0.0837690229829	0.00243954413294	
0	IRIS_313-11461	0.499504889775	-0.024151517565	-0.0356879323774	
0	IRIS_313-11467	0.365136321458	0.00257241934408	-0.0740106213953	
0	IRIS_313-11472	0.491876729562	-0.0100811452288	-0.0353797438521	
0	IRIS_313-11490	0.492600725313	-0.00389140456476	-0.0521264269802	
0	IRIS_313-11493	0.344751849937	0.0420963452633	0.0115518015439	
0	IRIS_313-11521	0.293845407658	0.0671257417634	0.0354576015665	
0	IRIS_313-11530	0.494159189426	-0.00400625008538	-0.0522721283246	
0	IRIS_313-11558	0.482408257657	-0.0187556065945	-0.027200936506	
0	IRIS_313-11561	0.4871529155	-0.0140943670261	-0.0375229062575	
0	IRIS_313-11565	0.373255723808	-0.000245429678539	-0.0125445801508	
0	IRIS_313-11622	0.358294298901	-0.00502244628636	0.0129263979478	
0	IRIS_313-11624	0.287085398427	0.0606502088123	0.0474809145492	
0	IRIS_313-11635	0.360508613943	0.0259908179796	-0.0121042180517	
0	IRIS_313-11638	0.430008280646	-0.036880153788	-0.0273748553794	
0	IRIS_313-11642	0.488944826433	-0.0194405211549	-0.0263085116659	
0	IRIS_313-11645	0.430483442509	-0.0369601245089	-0.0272666507025	
0	IRIS_313-11646	0.518298538587	-0.0283500378929	-0.0419215268754	
0	IRIS_313-11647	0.134085828573	0.0412584971745	0.121438111497	
0	IRIS_313-11648	0.514083796297	-0.0533275350315	-0.0419858457712	
0	IRIS_313-11664	0.290763562333	0.083742795035	0.00247699687521	
0	IRIS_313-11665	0.290734936781	0.0837675451783	0.00244718884033	
0	IRIS_313-11666	0.284569423948	0.0814362462639	0.0127535179316	
0	IRIS_313-11667	0.356831967617	-0.00524414603112	0.0128750353273	
0	IRIS_313-11668	0.290718509713	0.0837816476766	0.0024271733521	
0	IRIS_313-11674	0.487668500899	-0.0196187646935	-0.0253686685408	
0	IRIS_313-11677	0.489856153834	-0.0297581194738	-0.0132439741324	
0	IRIS_313-11679	0.497316547779	-0.00360304184981	-0.0650096372108	
0	IRIS_313-11681	0.491364253761	-0.00669715355095	-0.0508571449398	
0	IRIS_313-11683	0.49223792715	-0.00369316206125	-0.0523905512492	
0	IRIS_313-11684	0.492238857327	-0.00373314170937	-0.0522264752175	
0	IRIS_313-11685	0.497277829463	-0.00357847946184	-0.0650567163011	
0	IRIS_313-11686	0.491465718436	-0.00251526938744	-0.0623505827355	
0	IRIS_313-11687	0.497133834248	-0.00355146365362	-0.0650102305834	
0	IRIS_313-11692	0.367315398948	0.00941938148356	0.00975099645132	
0	IRIS_313-11693	0.484403694586	-0.00260324946601	-0.0499020562359	
0	IRIS_313-11700	0.491636843747	-0.00252505512416	-0.0624228215762	
0	IRIS_313-11704	0.487944860904	-0.0197390447209	-0.025519856064	
0	IRIS_313-11705	0.359495068019	0.02634572	-0.0322648700576	
0	IRIS_313-11706	0.492418081881	-0.00398177051722	-0.0517132374789	
0	IRIS_313-11707	0.487795197999	-0.0194132104869	-0.0258723603833	
0	IRIS_313-11708	0.487681658294	-0.0196073245189	-0.0253683642146	
0	IRIS_313-11709	0.48768241018	-0.0196074360743	-0.0253685732459	
0	IRIS_313-11710	0.511542682946	-0.0259952811492	-0.0347325124238	
0	IRIS_313-11711	0.491602076275	-0.00363415629611	-0.0518593705895	
0	IRIS_313-11717	0.522041539508	-0.0519517516765	-0.0526209961658	
0	IRIS_313-11719	0.492076771398	-0.00382958212015	-0.0516426036177	
0	IRIS_313-11722	0.494877620694	-0.0185754959188	-0.0420328171703	
0	IRIS_313-11727	0.356493074702	-0.0052204477865	0.0130862231611	
0	IRIS_313-11728	0.492487330049	-0.00403867947957	-0.0517013826604	
0	IRIS_313-11730	0.506000518166	-0.0571765012713	-0.0349309836445	
0	IRIS_313-11731	0.356491428052	-0.00522628710579	0.0130819470689	
0	IRIS_313-11732	0.356474749135	-0.00526495324071	0.0131212958799	
0	IRIS_313-11733	0.356396841502	-0.0037663719599	0.0129289499607	
0	IRIS_313-11734	0.356504341271	-0.00523012495977	0.0130773297652	
0	IRIS_313-11738	0.494353005961	-0.0429279678591	-0.0379667066819	
0	IRIS_313-11741	0.523291653205	-0.0106628696291	-0.0570998310192	
0	IRIS_313-11744	0.490875428701	-0.00278304548957	-0.0525172036246	
0	IRIS_313-11745	0.283677527643	0.0813187418937	0.00919283807122	
0	IRIS_313-11746	0.290736764196	0.0837031547012	0.00256640915018	
0	IRIS_313-11747	0.356464903908	-0.00520096352857	0.013094211355	
0	IRIS_313-11748	0.445971982528	0.0108978274766	-0.0463986157863	
0	IRIS_313-11750	0.497133595652	-0.00312725077382	-0.0545156720665	
0	IRIS_313-11751	0.350553125844	-0.00523419448796	0.0124458516783	
0	IRIS_313-11752	0.290712519902	0.0837788734924	0.00243333540188	
0	IRIS_313-11753	0.290715312794	0.0837789064702	0.00243170607704	
0	IRIS_313-11795	0.521696642412	-0.0513999438101	-0.0524036605096	
0	IRIS_313-11796	0.356398548475	-0.00521637957124	0.0131461831224	
0	IRIS_313-11797	0.290746263932	0.0837561564381	0.00246361909941	
0	IRIS_313-11798	0.372238254149	0.00752297040935	0.0116731228974	
0	IRIS_313-11799	0.290715664611	0.0837787446611	0.00243153426267	
0	IRIS_313-11801	0.4757939665	-0.0478909052494	-0.0304348881287	
0	IRIS_313-11802	0.356517922849	-0.00523123764074	0.0130729350995	
0	IRIS_313-11804	0.356517776409	-0.00523112856135	0.0130729899587	
0	IRIS_313-11805	0.290740453661	0.0837635124704	0.00245184698319	
0	IRIS_313-11806	0.356502978498	-0.00523597528066	0.0130873140134	
0	IRIS_313-11816	0.48571610217	-0.0227712325465	-0.0154958504403	
0	IRIS_313-11817	0.219363501181	0.101458973521	0.0199547308673	
0	IRIS_313-11819	0.36620136088	0.0716854064854	-0.0156271575105	
0	IRIS_313-11820	0.436865598079	-0.018475510055	-0.0192824464588	
0	IRIS_313-11822	0.481752378421	-0.0183254256649	-0.0262648168308	
0	IRIS_313-11823	0.393765747217	-0.0356724678286	-0.0162139009139	
0	IRIS_313-11824	0.488966190816	-0.0194365266792	-0.0263268213663	
0	IRIS_313-11833	0.492407064792	-0.00399019075942	-0.0516853089135	
0	IRIS_313-11835	0.367965045433	0.011816388849	0.00160212808687	
0	IRIS_313-11836	0.490942245425	-0.00243171519274	-0.0535496096375	
0	IRIS_313-11840	0.434001130963	0.00755168065021	-0.0662646127275	
0	IRIS_313-11842	0.491917444832	-0.00476864262621	-0.0505404204439	
0	IRIS_313-11848	0.488935197247	-0.00367347036883	-0.0515073182338	
0	IRIS_313-11854	0.290844241394	0.0836584074352	0.00258539049113	
0	IRIS_313-11866	0.356489350199	-0.00521893414548	0.0130863657164	
0	IRIS_313-11867	0.290883301847	0.0836048839403	0.00273330982372	
0	IRIS_313-11870	0.513762149045	-0.031546225791	-0.0686708350607	
0	IRIS_313-11877	0.286972048081	0.0606197959213	0.0475450853341	
0	IRIS_313-11878	0.356517776409	-0.00523112856135	0.0130729899587	
0	IRIS_313-11882	0.345988135043	0.057189968443	-0.024829643888	
0	IRIS_313-11909	0.287080548625	0.0606512317125	0.0474818877295	
0	IRIS_313-11916	0.0249477179587	0.114002989151	0.106260577532	
0	IRIS_313-11918	0.376033916606	0.00922794492571	-0.012581913536	
0	IRIS_313-11919	0.430479545977	-0.0369596715934	-0.0272670359451	
0	IRIS_313-11935	0.48871905924	-0.0052976156284	-0.0492671301989	
0	IRIS_313-11945	0.383369599474	0.0014684979712	-0.0129762701958	
0	IRIS_313-11949	0.290373941226	0.0837475283873	0.0026742196299	
0	IRIS_313-11950	0.472089438037	-0.0126075643389	-0.0265550992053	
0	IRIS_313-11953	0.356490952351	-0.0052187953449	0.0130846334764	
0	IRIS_313-11955	0.35630724242	-0.005508823986	0.013367287637	
0	IRIS_313-11959	0.447841661516	0.0204517183129	-0.034434009106	
0	IRIS_313-11966	0.360871472994	0.018525626218	-0.0355062326355	
0	IRIS_313-11989	0.492341567301	-0.00415765809114	-0.0511042429545	
0	IRIS_313-11999	0.492727577653	-0.00423091187971	-0.0514102779265	
0	IRIS_313-12000	0.49202916751	-0.00364572594002	-0.0521926818387	
0	IRIS_313-12010	0.356485629213	-0.00521772601257	0.0130859867132	
0	IRIS_313-12033	0.287455670921	0.0581887287171	0.0494720199611	
0	IRIS_313-12040	0.487707958057	-0.00409218100829	-0.0508775850594	
0	IRIS_313-12041	0.485338850773	-0.00264373444821	-0.0499361642826	
0	IRIS_313-12044	0.492212788897	-0.00372686918278	-0.0521436241599	
0	IRIS_313-12048	0.488437838945	-0.00387160369295	-0.0517197158611	
0	IRIS_313-12058	0.492401324874	-0.00397323063622	-0.05172788686	
0	IRIS_313-12097	0.490777823394	-0.00428470689189	-0.051743189713	
0	IRIS_313-12121	0.497267693219	-0.00356702618786	-0.0650549129933	
0	IRIS_313-12127	0.35578413494	0.0450568892635	-0.0112327533852	
0	IRIS_313-12128	0.485582032474	-0.0170295644472	-0.0221938995531	
0	IRIS_313-12146	0.428703571042	-0.00967998152494	-0.0311418881676	
0	IRIS_313-12190	0.285740019769	0.0842990051344	0.00095926098597	
0	IRIS_313-12220	0.496166033029	-0.0126740647889	-0.0482285471391	
0	IRIS_313-12234	0.374565610794	0.00676319498442	0.0144425154269	
0	IRIS_313-12268	0.35008409019	0.0379382856899	-0.023973361294	
0	IRIS_313-12269	0.487895129042	-0.0197234321158	-0.0252096273879	
0	IRIS_313-12275	0.485152995545	-0.00500663143143	-0.0470274785501	
0	IRIS_313-12287	0.481451446684	-0.0194862612514	-0.0223094731912	
0	IRIS_313-12288	0.474286384107	-0.0202318381322	-0.021077320944	
0	IRIS_313-12291	0.479414333605	-0.00574063194806	-0.046612908203	
0	IRIS_313-12300	0.290869543443	0.0836100699377	0.0027327668071	
0	IRIS_313-12305	0.290126456181	0.0836757245474	0.00281158989329	
0	IRIS_313-12334	0.492092413528	-0.00382701342781	-0.0518170589341	
0	IRIS_313-12354	0.497270497923	-0.00363443249606	-0.0649402924801	
0	IRIS_313-12355	0.372219259112	0.0075239385709	0.0116829738523	
1	CX368	-0.548491881782	-0.0491205563001	-0.14378919222	
1	IRIS_313-8321	0.365474160605	-0.04403764021	-0.0327870937435	
1	IRIS_313-8342	-0.563648413553	0.07264441817	-0.173605654297	
1	IRIS_313-8410	0.38932290976	-0.00191752390977	-0.0437352958778	
1	IRIS_313-8554	-0.549825921955	-0.0322638621955	-0.0133113864676	
1	IRIS_313-8721	0.347455323234	-0.0282600666024	-0.0249926742931	
1	IRIS_313-8864	0.368963669171	-0.00679285752615	0.00539863227979	
1	IRIS_313-8963	0.0586863411307	0.0813246020922	0.141311333221	
1	IRIS_313-9283	0.295138716864	0.0104297402983	0.0758750011803	
1	IRIS_313-9422	0.372798733353	-0.0350919264931	-0.0371482457257	
1	IRIS_313-9449	0.288166758708	0.0309616740099	0.0404114566473	
1	IRIS_313-9610	-0.554285505338	0.407748881951	-0.244208023171	
1	IRIS_313-9626	0.389848901422	0.0119611948404	-0.0427692483286	
1	IRIS_313-9661	0.355852413317	-0.037164411099	-0.0260609947818	
1	IRIS_313-10020	-0.0176513267897	0.11226019405	0.130357996682	
1	IRIS_313-10543	0.298067267575	0.00839755750657	0.0762701238512	
1	IRIS_313-10673	0.361630376313	-0.0428931676097	-0.0306963268767	
1	IRIS_313-10718	0.0121265523993	0.111799534002	0.12805299637	
1	IRIS_313-10845	0.34049786233	-0.0313999579117	-0.00628171687427	
1	IRIS_313-10849	0.392544400058	0.012248138111	-0.0475909311998	
1	IRIS_313-10852	-0.541007941287	-0.0368025792492	-0.145920892475	
1	IRIS_313-10869	-0.605399201401	0.0235700141442	-0.168900186292	
1	IRIS_313-10875	-0.537312831288	-0.039615555228	-0.140906050209	
1	IRIS_313-10925	-0.575786084035	0.0278992329546	-0.16384140271	
1	IRIS_313-10927	0.328901058352	0.000551315782297	-0.0481655751553	
1	IRIS_313-10963	0.349013509117	-0.0168830306383	-0.0251558596507	
1	IRIS_313-10965	0.348838327941	-0.0165522593199	-0.0250375342953	
1	IRIS_313-10976	0.355720174801	-0.0441048921166	-0.0239455721584	
1	IRIS_313-10979	0.362173206055	-0.0421496456208	-0.0326496148203	
1	IRIS_313-10981	0.36436738506	-0.0435915434525	-0.0326669492477	
1	IRIS_313-10987	0.340229912551	-0.0316386250877	-0.00598986982013	
1	IRIS_313-11013	0.390634099536	0.00934713468205	-0.0451968427952	
1	IRIS_313-11015	0.389478523291	-0.00838550346717	-0.00876700370567	
1	IRIS_313-11016	0.391462456714	-0.00624851706955	-0.0117370833909	
1	IRIS_313-11017	0.35770867969	0.0293718726202	-0.0244454737323	
1	IRIS_313-11018	0.388375423236	-0.00752800392528	-0.0134588712052	
1	IRIS_313-11020	-0.275246210988	0.340225464653	-0.40589762918	
1	IRIS_313-11024	-0.247227404594	0.331433961801	-0.390482756716	
1	IRIS_313-11027	0.390354849953	0.00940528418521	-0.0453444134254	
1	IRIS_313-11054	0.336783026857	-0.0313124117675	-0.0194660583012	
1	IRIS_313-11055	0.0459725175516	0.082384883026	0.130797621183	
1	IRIS_313-11058	0.389432538021	0.00920855862674	-0.0441286576328	
1	IRIS_313-11064	-0.0123834676888	0.111115844898	0.109064930072	
1	IRIS_313-11112	0.357581580399	-0.0452522841986	-0.028030781963	
1	IRIS_313-11191	-0.0216699258196	0.110398069354	0.127101908385	
1	IRIS_313-11214	0.337020793662	-0.0304391099303	-0.00325917317223	
1	IRIS_313-11265	0.334643590931	0.0333978345897	-0.00140745066292	
1	IRIS_313-11272	0.358405454472	-0.0423856985358	-0.0309954602047	
1	IRIS_313-11277	0.364243138049	-0.0433302359095	-0.0325165797735	
1	IRIS_313-11291	0.390738233476	0.00948791835641	-0.045458377953	
1	IRIS_313-11298	-0.540825264056	-0.0395536525866	-0.144846555458	
1	IRIS_313-11323	0.337521389689	0.0459001861103	0.00473560654101	
1	IRIS_313-11324	0.388729634571	-0.0195547872365	-0.00914317310131	
1	IRIS_313-11454	-0.556716782245	0.409108127784	-0.244968717592	
1	IRIS_313-11458	0.362890568612	-0.0411834710397	-0.0312159706243	
1	IRIS_313-11462	0.400120588475	0.0117858724735	-0.0486099599032	
1	IRIS_313-11483	0.393238358767	-0.007103796793	-0.0125391383129	
1	IRIS_313-11557	0.370434618862	-0.0429823806604	-0.033419667387	
1	IRIS_313-11618	-0.577734099352	0.430015078957	-0.323410580344	
1	IRIS_313-11629	-0.598801745405	0.0229879846829	-0.168691121832	
1	IRIS_313-11636	0.390666624318	0.00914544867214	-0.044861544606	
1	IRIS_313-11742	0.364903183508	-0.0441295626494	-0.0309721685862	
1	IRIS_313-11982	0.340483212557	0.0621817223433	-0.0271576469101	
1	IRIS_313-12002	0.00704753271336	0.107699278613	0.11529106884	
1	IRIS_313-12141	0.324344950435	-0.016361644103	-0.0174931507723	
2	B001	-0.361517033116	-0.15803039243	-0.185398945396	
2	B002	0.2184579998	0.0700920451546	-0.164219698279	
2	B003	-0.530902363144	-0.204454365622	-0.143614514922	
2	B004	-0.534604965385	-0.213058656594	-0.172769321926	
2	B005	-0.541309650389	-0.191119235541	-0.248076599672	
2	B008	-0.545863023567	-0.185085359177	-0.249616488239	
2	B045	-0.55027414605	-0.186007744028	-0.249358321046	
2	B046	-0.533692947248	-0.18916376639	-0.249581973222	
2	B056	0.374696258285	0.00663841690254	-0.044823642874	
2	B057	-0.525622351712	-0.190332224021	-0.185562714956	
2	B066	-0.551576847459	-0.211549826608	-0.0230380123111	
2	B068	-0.539469680824	-0.118942673342	-0.164019847777	
2	B069	-0.409932785646	-0.195310672672	-0.140101140958	
2	B070	-0.53018601903	-0.216069341683	-0.175656578661	
2	B071	0.311113125479	0.0220901962162	-0.0691447674411	
2	B077	-0.426366968209	-0.21911452119	0.0411747510247	
2	B100	-0.551680981137	-0.207568501159	-0.0867721762551	
2	B102	-0.49526777473	0.400294434135	-0.387733679532	
2	B103	-0.0113764579142	-0.37760841474	0.227834732538	
2	B109	-0.528521638515	-0.213044961917	-0.121124166999	
2	B110	-0.0654961517999	-0.38507849533	0.199665312083	
2	B111	-0.502731457765	-0.204877651158	-0.0646497623302	
2	B122	-0.238627057074	0.313789988062	-0.507290543077	
2	B134	-0.470247907004	0.383117244855	-0.374561879693	
2	B136	-0.517013422312	-0.232968144102	0.0628004092541	
2	B148	-0.460944232831	-0.21261937195	-0.00554948236342	
2	B154	-0.03251768267	0.240855200507	-0.384202718881	
2	B160	-0.550186134684	-0.188625470039	-0.248854712689	
2	B161	-0.569096987174	-0.167763490923	-0.20826428599	
2	B162	-0.540680413065	-0.197201612533	-0.127818569585	
2	B167	-0.530499677818	-0.211162649411	-0.176383648936	
2	B168	-0.543800987255	-0.21960907596	-0.0523533996278	
2	B182	-0.530169714987	-0.213601353152	-0.17120209934	
2	B183	-0.533530876126	-0.191085174881	-0.232458977252	
2	B196	0.501739900033	-0.028660613644	-0.0694660149405	
2	B204	-0.544639194801	-0.116082565453	-0.16702276607	
2	B205	-0.39724720207	-0.190445388666	-0.00842050533176	
2	B212	-0.540371265616	-0.235131711132	0.04505345169	
2	B215	-0.545558347518	-0.219970272266	-0.0541434156233	
2	B218	-0.56378167389	-0.191800674805	-0.18240560762	
2	B223	-0.484550361038	-0.220725203997	-0.0461724800107	
2	B225	-0.550318630993	-0.217794275968	-0.0537651164602	
2	B226	-0.543737690812	-0.111116926169	-0.167148802845	
2	B228	-0.550838446625	-0.18636678609	-0.245169762911	
2	B230	-0.50887753149	-0.229060154447	-0.0143844492802	
2	B235	-0.552987287071	-0.18356168712	-0.240816493953	
2	B236	-0.530268790417	-0.179787021907	-0.250624842049	
2	B240	-0.549495289355	-0.183043399608	-0.248500166044	
2	B241	-0.516535085261	0.403870920961	-0.305900839302	
2	B245	-0.546377740225	-0.133851814404	0.0393898657518	
2	B250	-0.53359539466	-0.210029120402	-0.173665055296	
2	B258	-0.561234188424	-0.0571108666339	-0.0798685131605	
2	B263	-0.522930200289	-0.214231327123	-0.174491444	
2	B266	-0.506138175572	0.404191805425	-0.381142415342	
2	B269	-0.537403084437	-0.207491313199	-0.171818956517	
2	CX116	-0.537338993469	-0.205814265544	-0.174423653979	
2	CX129	-0.42856814378	-0.139437984038	0.2945354873	
2	CX140	-0.550256741585	-0.186075956324	-0.249325728552	
2	CX151	-0.436725462788	-0.275681285381	0.465652478491	
2	CX212	-0.504506188197	-0.186466437322	-0.143231173372	
2	CX248	-0.530710028274	-0.223972059589	0.133221280176	
2	CX306	-0.53731973416	-0.186911097083	-0.247756009399	
2	CX315	-0.539037050576	-0.189832397426	-0.120987823913	
2	CX330	-0.546791554207	-0.177042228561	-0.240349273908	
2	CX383	-0.536310589743	-0.197090078916	-0.139419871868	
2	CX396	-0.537175251113	-0.212667677418	-0.169510402831	
2	IRIS_313-7876	-0.435097873211	-0.250277115729	0.511142903758	
2	IRIS_313-7883	-0.431186035237	-0.287250801882	0.441436234644	
2	IRIS_313-7885	-0.440002347985	-0.239305908323	0.419722112457	
2	IRIS_313-8140	-0.554263483321	-0.196671363419	-0.158741855606	
2	IRIS_313-8162	-0.52456157794	-0.21252512424	-0.177684794633	
2	IRIS_313-8279	-0.529367334361	-0.17492787167	0.21920328384	
2	IRIS_313-8356	-0.453283145406	-0.210771929332	0.505344837333	
2	IRIS_313-8381	-0.438789679072	-0.221275240218	0.54037830357	
2	IRIS_313-8400	0.507989573812	-0.0312568389251	-0.0693575718697	
2	IRIS_313-8481	-0.549968112969	-0.186083725562	-0.238967483684	
2	IRIS_313-8486	0.0931254905586	-0.419950804877	0.545266117421	
2	IRIS_313-8519	0.102130680797	-0.433772175217	0.520195608728	
2	IRIS_313-8565	-0.56499104312	-0.0735239029831	0.0556711765523	
2	IRIS_313-8572	-0.429187185574	-0.216684289356	0.503684199271	
2	IRIS_313-8578	-0.603105876201	-0.092480464081	0.0912235356572	
2	IRIS_313-8580	0.146899107619	0.0282250131378	0.166091118429	
2	IRIS_313-8599	-0.591556094752	-0.0787286234008	0.0814113521414	
2	IRIS_313-8626	-0.544048520472	-0.194610164311	-0.0487928889414	
2	IRIS_313-8637	0.0964671311275	-0.414817923896	0.537638540059	
2	IRIS_313-8690	-0.531944010335	-0.209065796602	-0.0557612246541	
2	IRIS_313-8735	-0.540036965305	-0.222451109201	-0.051710539891	
2	IRIS_313-8815	0.0985393261038	-0.427603646331	0.538187099692	
2	IRIS_313-8857	0.0952649063986	-0.425133214686	0.538058914194	
2	IRIS_313-8883	-0.552833156095	-0.216357005707	-0.0525851384534	
2	IRIS_313-8884	-0.603819157761	-0.0895793227136	0.0820257983952	
2	IRIS_313-8894	-0.532708277298	-0.191498135846	-0.0654615199546	
2	IRIS_313-8955	-0.390396546978	0.947049876547	0.284845765528	
2	IRIS_313-8998	-0.550240142048	-0.189301145832	-0.064230039922	
2	IRIS_313-8999	0.123497799083	-0.539709441742	0.601371908053	
2	IRIS_313-9048	0.0934430141627	-0.425829080523	0.539555732106	
2	IRIS_313-9050	-0.448296262286	-0.285516208603	0.435150045527	
2	IRIS_313-9081	-0.508435037557	-0.190465220628	-0.244153625095	
2	IRIS_313-9123	0.066917937696	0.0815349578217	0.0904133121475	
2	IRIS_313-9176	-0.563771074518	-0.189272320761	-0.109137472024	
2	IRIS_313-9201	-0.530463453457	-0.215138840982	-0.177248971366	
2	IRIS_313-9228	-0.546469492539	-0.189755216776	-0.24861568176	
2	IRIS_313-9233	-0.532670426109	-0.170978830247	-0.236492333898	
2	IRIS_313-9301	-0.414244199294	-0.180628407802	0.367629090354	
2	IRIS_313-9375	-0.439796813074	-0.278206810564	0.455298401683	
2	IRIS_313-9379	-0.538850950413	-0.189090982946	-0.251688658983	
2	IRIS_313-9405	-0.585464093685	0.444160788339	-0.0295873777191	
2	IRIS_313-9470	-0.569355451101	-0.160806495347	-0.0825876800028	
2	IRIS_313-9529	0.0998602745221	-0.423511257019	0.525748467663	
2	IRIS_313-9558	-0.424828095826	-0.289152117763	0.453928570878	
2	IRIS_313-9568	-0.436864900367	-0.17599826297	0.467430400735	
2	IRIS_313-9691	-0.558612536019	-0.120213767673	-0.0575600901131	
2	IRIS_313-9698	-0.55024843072	-0.186653082141	-0.244886355294	
2	IRIS_313-9724	-0.560533541202	0.0432842975169	-0.203344719116	
2	IRIS_313-9725	0.377621639308	-0.0117296569249	-0.00772230552067	
2	IRIS_313-9769	-0.53350028627	-0.190882311333	-0.245371194434	
2	IRIS_313-9800	0.511845027269	-0.0318818017802	-0.069053344342	
2	IRIS_313-9884	-0.548392317724	-0.189026416163	-0.247934636324	
2	IRIS_313-9886	-0.543843815456	-0.191101144586	-0.246369778549	
2	IRIS_313-9887	-0.547036391231	-0.187856355581	-0.247898223466	
2	IRIS_313-9890	-0.541128471686	-0.191222512109	-0.248961033875	
2	IRIS_313-9891	-0.536191649497	-0.220701528421	-0.0487994774039	
2	IRIS_313-9974	-0.53752299469	-0.186418830178	-0.250657271341	
2	IRIS_313-9996	-0.549207264309	-0.189123284645	-0.248277483101	
2	IRIS_313-10059	-0.533553086181	-0.213477288197	-0.170782022342	
2	IRIS_313-10067	0.505372878578	-0.0293683937035	-0.0658361107793	
2	IRIS_313-10073	0.511229612115	-0.0317958308868	-0.0689564967245	
2	IRIS_313-10074	0.509564534525	-0.0302282158074	-0.0689032019366	
2	IRIS_313-10078	0.511290123832	-0.0318342888631	-0.0689114086603	
2	IRIS_313-10080	0.511698964244	-0.0321014354578	-0.0685651079719	
2	IRIS_313-10092	-0.54103229739	-0.190615838707	-0.24434147642	
2	IRIS_313-10094	0.511426666868	-0.032186648895	-0.0682959437414	
2	IRIS_313-10096	0.507036951864	-0.0282710143045	-0.072169001631	
2	IRIS_313-10097	-0.545116693317	-0.189169660778	-0.25262764584	
2	IRIS_313-10124	-0.5648754341	-0.188938403333	-0.111869684977	
2	IRIS_313-10228	-0.527963488572	-0.218335489377	-0.0408993070122	
2	IRIS_313-10430	-0.538712408394	-0.185642651405	-0.249654822863	
2	IRIS_313-10437	-0.547664168858	-0.187264943806	-0.248240215276	
2	IRIS_313-10440	0.11537102452	-0.468913567445	0.301370009728	
2	IRIS_313-10453	-0.52904642894	-0.217035814563	-0.174525857494	
2	IRIS_313-10469	-0.54159015876	-0.190421099973	-0.248317473183	
2	IRIS_313-10559	-0.547948967667	-0.199776213299	-0.127985228768	
2	IRIS_313-10564	-0.548798953971	-0.186153549512	-0.24922449035	
2	IRIS_313-10567	-0.54590122768	-0.185451069074	-0.241552180045	
2	IRIS_313-10568	-0.527406896578	-0.18165136391	-0.246804291239	
2	IRIS_313-10569	-0.544963133037	-0.187684469019	-0.248150654387	
2	IRIS_313-10570	-0.544520560346	-0.187986509486	-0.248652773919	
2	IRIS_313-10577	-0.448166583648	-0.219765023827	0.509131151198	
2	IRIS_313-10578	-0.434558968583	-0.218631860144	0.527558352503	
2	IRIS_313-10582	-0.446818033258	-0.219356356758	0.506709984521	
2	IRIS_313-10631	-0.536312517904	-0.184478268226	-0.238673611084	
2	IRIS_313-10642	-0.550106400073	-0.186647554628	-0.245764845285	
2	IRIS_313-10656	-0.590489127442	-0.0782380968136	0.0751365846322	
2	IRIS_313-10677	-0.547079826506	-0.188614068912	-0.244563596849	
2	IRIS_313-10679	-0.604271618456	-0.0676460013341	0.0587520545228	
2	IRIS_313-10689	-0.374860280524	0.945502511182	0.44330851039	
2	IRIS_313-10693	-0.500112749831	0.784586409035	0.0156505305423	
2	IRIS_313-10703	-0.432389724554	-0.155615142418	0.47399401237	
2	IRIS_313-10704	-0.428389927122	-0.184088364682	0.471402083497	
2	IRIS_313-10722	-0.399633500249	0.930748696296	0.277070210762	
2	IRIS_313-10741	-0.366628167298	0.937916805626	0.458712385455	
2	IRIS_313-10744	-0.476027364707	0.811878235307	0.0308354949195	
2	IRIS_313-10759	-0.459391527794	0.82621585674	0.12815248562	
2	IRIS_313-10761	-0.381822442194	0.913944928297	0.430013746092	
2	IRIS_313-10765	-0.596923820705	0.0882292436075	-0.144209968662	
2	IRIS_313-10766	-0.480649384421	0.823913722671	0.0362860342947	
2	IRIS_313-10767	-0.47863060143	0.817381213264	0.0329231393518	
2	IRIS_313-10770	-0.639014907025	0.260516007627	-0.0169588170866	
2	IRIS_313-10780	-0.492873120931	0.777985729076	0.114219854428	
2	IRIS_313-10781	-0.483770494887	0.813837213856	0.0326481054614	
2	IRIS_313-10789	-0.487198749122	0.824017063598	0.0309632512046	
2	IRIS_313-10793	-0.570561364303	-0.169300385843	-0.0755615107969	
2	IRIS_313-10794	-0.567564074834	-0.166048204693	-0.0888016293037	
2	IRIS_313-10798	-0.436663068545	-0.277476161115	0.459330863836	
2	IRIS_313-10801	-0.481016074302	0.775600744682	0.117479297898	
2	IRIS_313-10802	-0.48626850056	0.794162099318	0.129162574354	
2	IRIS_313-10805	-0.489645171157	0.780137267639	0.122098433517	
2	IRIS_313-10808	-0.451902048316	0.813376245757	0.14188611715	
2	IRIS_313-10815	-0.510815311803	0.792919304332	0.0290119226458	
2	IRIS_313-10827	-0.432167323088	-0.278583764377	0.467920283063	
2	IRIS_313-10828	-0.443837295572	-0.265615175683	0.453916848169	
2	IRIS_313-10831	-0.531825548631	-0.164956135305	0.213065639036	
2	IRIS_313-10837	-0.539387267567	-0.190892180238	-0.243838459511	
2	IRIS_313-10838	-0.532771479737	-0.191327040201	-0.238638698079	
2	IRIS_313-10839	-0.537694288039	-0.184712961101	-0.234341439603	
2	IRIS_313-10840	-0.54478380192	-0.186176403677	-0.24865867995	
2	IRIS_313-10848	0.147121823513	0.0234808379247	0.164499445285	
2	IRIS_313-10853	-0.551044636296	-0.108659527494	-0.0359925673392	
2	IRIS_313-10862	-0.538895592026	-0.0835744890086	-0.0275407573392	
2	IRIS_313-10865	0.108959608506	-0.508347864473	0.446163863687	
2	IRIS_313-10866	-0.567652308444	-0.0930049662288	-0.0207025569304	
2	IRIS_313-10867	-0.502157504571	0.402589281066	-0.378204070065	
2	IRIS_313-10870	-0.539500029799	-0.182889147802	-0.208281265319	
2	IRIS_313-10874	-0.541967176538	-0.213443195008	0.0948101328656	
2	IRIS_313-10884	-0.550629931193	-0.0892846569507	-0.0200975363324	
2	IRIS_313-10886	-0.494767723825	0.398016222615	-0.297840955613	
2	IRIS_313-10888	-0.504358930217	0.403703965445	-0.378914904008	
2	IRIS_313-10889	-0.566498830196	-0.0885086744193	-0.0213870689777	
2	IRIS_313-10890	-0.559805663268	-0.0876457719856	-0.0250695758771	
2	IRIS_313-10893	-0.565720933988	-0.0914063617638	-0.0153027384136	
2	IRIS_313-10895	-0.544726112373	-0.183735571475	-0.203964692161	
2	IRIS_313-10916	-0.448610327345	-0.218012353536	0.502874515369	
2	IRIS_313-10922	-0.574259051972	-0.0789954747799	0.0762668279976	
2	IRIS_313-10923	-0.60025825561	-0.0749282817301	0.0704420428755	
2	IRIS_313-10946	-0.332568052786	0.860060643328	0.530732957273	
2	IRIS_313-10949	-0.315560916051	0.865979535845	0.340082322713	
2	IRIS_313-10959	-0.39354389341	0.977344461407	0.32061923778	
2	IRIS_313-10960	-0.492363657853	-0.167201103587	0.222318279063	
2	IRIS_313-10994	-0.486229617639	0.795189899726	0.132301404223	
2	IRIS_313-10999	-0.443693582987	-0.287489474141	0.443059647942	
2	IRIS_313-11007	-0.458467273721	0.793819652976	0.1343073436	
2	IRIS_313-11008	-0.581323802399	-0.134836435353	0.142202034748	
2	IRIS_313-11009	-0.181332257837	-0.420890331303	0.504271843377	
2	IRIS_313-11044	-0.536638798588	-0.187193433951	-0.000257873685639	
2	IRIS_313-11045	-0.409239751576	0.958399393884	0.28873259896	
2	IRIS_313-11073	-0.56237477845	-0.136202282227	-0.110678457591	
2	IRIS_313-11075	-0.499091085902	0.403493979186	-0.386090625454	
2	IRIS_313-11077	-0.502426336163	0.402317504029	-0.380380966469	
2	IRIS_313-11094	-0.597641857689	-0.0810733427527	0.0707082773794	
2	IRIS_313-11183	-0.483250019674	-0.133435844547	0.219354964058	
2	IRIS_313-11311	-0.578507648899	0.44430924257	-0.0282731693312	
2	IRIS_313-11328	-0.552622747209	-0.190287965854	-0.0602296625943	
2	IRIS_313-11329	-0.564694328016	-0.135873530191	-0.0586846370316	
2	IRIS_313-11337	-0.439858991622	-0.273597963987	0.450838518334	
2	IRIS_313-11464	-0.464829899438	-0.267473210414	0.393694129378	
2	IRIS_313-11473	-0.450661674381	-0.206503746372	0.494529600446	
2	IRIS_313-11494	-0.55981365028	-0.0849387929597	-0.0232787187782	
2	IRIS_313-11495	-0.408663426903	0.919898552203	0.28433427145	
2	IRIS_313-11496	-0.423942463885	-0.143645652626	0.302268904529	
2	IRIS_313-11511	-0.430734540469	-0.216850678255	0.495783381679	
2	IRIS_313-11522	-0.52704664806	-0.225513057281	0.00886789906959	
2	IRIS_313-11571	-0.17146204526	-0.152745705294	0.0780317685037	
2	IRIS_313-11574	-0.554538269022	0.0494485555658	-0.195030237121	
2	IRIS_313-11575	0.107934320733	-0.433036577749	0.231972134371	
2	IRIS_313-11582	0.375925292682	0.00544308083795	-0.0450743755155	
2	IRIS_313-11611	-0.376180024608	0.888838553626	0.385663734368	
2	IRIS_313-11623	-0.542212052949	-0.0982741944121	-0.00544636557505	
2	IRIS_313-11651	-0.322023562063	0.941128453201	0.544998233533	
2	IRIS_313-11652	-0.558774635457	-0.199252432367	-0.128530219532	
2	IRIS_313-11653	-0.29193336694	0.945963437217	0.400955853922	
2	IRIS_313-11654	-0.541988574007	-0.187608857612	-0.239604407081	
2	IRIS_313-11655	-0.55660041989	-0.130611024448	-0.00403873081156	
2	IRIS_313-11661	-0.550215351694	-0.188636724469	-0.248834821705	
2	IRIS_313-11672	-0.54382737536	-0.178124562681	-0.241582560255	
2	IRIS_313-11673	-0.546401437255	-0.132339102382	0.0436468549565	
2	IRIS_313-11689	-0.546872190118	-0.189511537123	-0.248845092146	
2	IRIS_313-11691	0.0951920483897	-0.421674389349	0.546925292094	
2	IRIS_313-11736	-0.438652450506	-0.280533210515	0.471963092504	
2	IRIS_313-11788	-0.548630987622	-0.220501097773	-0.0477878372982	
2	IRIS_313-11800	-0.55751941427	-0.193013186402	-0.11834746141	
2	IRIS_313-11829	-0.548149472551	-0.188630782815	-0.250002280077	
2	IRIS_313-11831	-0.0110651823131	-0.366889201652	0.455558217962	
2	IRIS_313-11832	-0.299086166005	0.895647871459	0.58992746889	
2	IRIS_313-11834	-0.511783209253	0.390228787413	-0.287035086749	
2	IRIS_313-11846	-0.471465385176	0.37765612354	-0.263032798601	
2	IRIS_313-11851	-0.418216389517	-0.223042958969	0.523026621781	
2	IRIS_313-11875	-0.546012742824	-0.186366627127	-0.248677392323	
2	IRIS_313-11892	-0.597206675386	-0.0899309943039	0.0864628909778	
2	IRIS_313-11897	-0.593037429662	-0.0686358783254	0.0656510992844	
2	IRIS_313-11900	-0.607111117271	-0.0755240825841	0.0757223566231	
2	IRIS_313-11908	-0.539501095497	-0.216650087104	-0.0508024409013	
2	IRIS_313-11913	-0.434582055245	-0.245823934929	0.499448039605	
2	IRIS_313-11922	-0.563066231457	-0.124581462387	-0.109137519597	
2	IRIS_313-11924	-0.557816874642	-0.0641507491317	-0.0408611239419	
2	IRIS_313-11928	-0.433426042374	-0.277695879684	0.469576415308	
2	IRIS_313-11929	-0.432616080704	-0.280510510225	0.465330675746	
2	IRIS_313-11971	-0.475906515998	0.832745770965	0.045261633611	
2	IRIS_313-11973	-0.542368646314	-0.189659429885	-0.248892112318	
2	IRIS_313-11984	-0.543642505075	-0.214642883483	-0.0549633273567	
2	IRIS_313-11994	-0.399421973555	0.919349966937	0.244184586939	
2	IRIS_313-11995	-0.429328211404	-0.166356943675	0.448610396289	
2	IRIS_313-12003	-0.540966314657	-0.188690049857	-0.247247636026	
2	IRIS_313-12006	-0.376023710704	0.89345295643	0.440370797163	
2	IRIS_313-12045	-0.377666055889	0.95930782265	0.288951440601	
2	IRIS_313-12051	-0.43489748234	-0.280191472849	0.467307001454	
2	IRIS_313-12059	-0.524959366165	-0.22483571231	0.00845649177206	
2	IRIS_313-12060	-0.528295134695	-0.225114321039	0.0102314277397	
2	IRIS_313-12061	-0.527436860151	-0.229244648667	0.000724509021295	
2	IRIS_313-12068	-0.537367978049	-0.198854967573	-0.0657203192835	
2	IRIS_313-12070	-0.410672523324	-0.27785549053	0.452433974343	
2	IRIS_313-12071	-0.504728820822	0.403837773796	-0.380024948076	
2	IRIS_313-12108	-0.544431234263	-0.110746212739	0.001724239854	
2	IRIS_313-12129	-0.197204476836	-0.289578379107	0.35879880944	
2	IRIS_313-12134	-0.600133059073	-0.0773072655436	0.0705137356602	
2	IRIS_313-12144	-0.53876519383	-0.129320972299	0.0360205936859	
2	IRIS_313-12164	-0.416083987001	0.915703845646	0.21800506321	
2	IRIS_313-12200	-0.567518949159	-0.0841413717859	0.0801407589936	
2	IRIS_313-12217	-0.543571587316	-0.185174734672	-0.248124185777	
2	IRIS_313-12226	-0.590289582106	-0.0823328082473	0.0700407976957	
2	IRIS_313-12227	-0.596271474478	-0.0759026547322	0.0605439694377	
2	IRIS_313-12228	-0.506622711029	0.405492059315	-0.38318687657	
2	IRIS_313-12242	-0.590071772682	-0.07610516457	0.0630429684107	
2	IRIS_313-12252	-0.601423715929	-0.0788303017114	0.0770618183921	
2	IRIS_313-12258	-0.499711277618	0.402467796947	-0.375062003695	
2	IRIS_313-12262	-0.555897883145	-0.0918889400216	-0.0131322668873	
2	IRIS_313-12265	-0.493909721065	0.401558618926	-0.374660768168	
2	IRIS_313-12272	-0.448609652453	-0.267056016661	0.426552961712	
2	IRIS_313-12285	-0.398473793854	0.954710039581	0.299735113433	
2	IRIS_313-12289	-0.604225230673	-0.0813218850845	0.0767610732276	
2	IRIS_313-12299	-0.56546940796	-0.0823539352567	0.0753818872496	
2	IRIS_313-12307	-0.602285488825	-0.078384450906	0.0681664517358	
2	IRIS_313-12312	-0.530101557411	0.401695173789	-0.340214238269	
2	IRIS_313-12313	-0.561817307987	-0.0861286365272	-0.018946241767	
2	IRIS_313-12321	-0.598056987391	-0.0779932937395	0.0706391433755	
2	IRIS_313-12322	-0.502310569266	0.403087979793	-0.384065197114	
2	IRIS_313-12323	-0.594211651961	-0.0931503171652	0.0902912897142	
2	IRIS_313-12330	-0.585780291627	-0.0866393956791	0.0864975745305	
2	IRIS_313-12336	-0.604010572214	-0.089154032655	0.0784080268536	
2	IRIS_313-12337	-0.49165717032	0.403011681088	-0.376108054366	
2	IRIS_313-12340	-0.505764365096	0.403933353505	-0.378092668712	
2	IRIS_313-12341	-0.600840592353	-0.0801710926402	0.0690459616804	
2	IRIS_313-12342	-0.593538677987	-0.0767810340007	0.0666934422275	
2	IRIS_313-12346	-0.529768183509	0.400720453036	-0.338095032947	
2	IRIS_313-12348	-0.495935498024	0.40379822459	-0.385558986258	
2	IRIS_313-12349	-0.510345231094	0.405296143854	-0.37902609359	
2	IRIS_313-12350	-0.598154239633	-0.0923238484043	0.0783385355519	
2	IRIS_313-12351	-0.609401255855	-0.0792712413785	0.0758768622614	
2	IRIS_313-12352	-0.504642217915	0.404206199142	-0.38047807763	
2	IRIS_313-12353	-0.495297439922	0.399098882009	-0.38492501769	
2	IRIS_313-15904	-0.547609926172	-0.185995789473	-0.249595829	
