4	CX59	-1.10973899475	-0.241858065466	-0.36197122925	
4	CX65	-0.478427559747	0.137519380464	0.245364195598	
4	CX67	0.0199825655918	-0.165303680034	-0.170735572092	
4	CX104	-0.499714309324	0.00167522335776	0.059855980707	
4	CX143	-1.04364113491	-0.216573683375	-0.28320779175	
4	CX149	-0.562655364802	-0.248390898305	-0.328076487898	
4	IRIS_313-8268	-1.08375833428	-0.207744923151	-0.254595298801	
4	IRIS_313-8326	-1.11565913899	-0.199643609286	-0.258632596615	
4	IRIS_313-8385	-1.0987261725	-0.199296819081	-0.254820186525	
4	IRIS_313-8656	-1.1146504564	-0.267053136879	-0.362832972098	
4	IRIS_313-8712	-1.0849539983	-0.231936647591	-0.324214448154	
4	IRIS_313-8747	-0.494673336	0.133088484918	0.247236782563	
4	IRIS_313-8813	-1.11924055001	-0.253507042382	-0.363608251856	
4	IRIS_313-9083	-1.05685450809	-0.2368363534	-0.336397554826	
4	IRIS_313-9172	-1.09149817288	-0.233077931591	-0.294117405141	
4	IRIS_313-9601	-0.978488835139	-0.169194546596	-0.232999791767	
4	IRIS_313-9629	-1.11666369927	-0.247245393191	-0.36561784837	
4	IRIS_313-10670	-1.03382260867	-0.230418652597	-0.290315197061	
4	IRIS_313-10851	0.403831677074	-0.181883581444	-0.145892330749	
4	IRIS_313-10868	-1.10489057599	-0.250241648418	-0.365058441387	
4	IRIS_313-10926	-1.09168313191	-0.194598661713	-0.25218966641	
4	IRIS_313-10933	0.0202464307266	-0.197617806081	-0.248635686148	
4	IRIS_313-11021	-1.11141007499	-0.251643718538	-0.368843261104	
4	IRIS_313-11022	-1.11270209602	-0.251352181242	-0.3871498347	
4	IRIS_313-11023	-1.11324409863	-0.250136208673	-0.364575042062	
4	IRIS_313-11026	-1.03423286953	-0.227938729209	-0.346381118583	
4	IRIS_313-11218	-1.11672286827	-0.246201099541	-0.371574171543	
4	IRIS_313-11258	-1.11913250523	-0.249924864212	-0.370796389498	
4	IRIS_313-11268	-1.09442917568	-0.234024626433	-0.296757312152	
4	IRIS_313-11289	-1.09752642958	-0.234595335018	-0.299005092427	
4	IRIS_313-11293	-1.08481249054	-0.24155100247	-0.337111471818	
4	IRIS_313-11451	-0.962481734959	-0.166960478256	-0.194511524649	
4	IRIS_313-11564	-1.09790514964	-0.238992887443	-0.352232116853	
4	IRIS_313-11567	-1.1173433747	-0.241690576719	-0.365706541452	
4	IRIS_313-11625	-1.08263349871	-0.24051402076	-0.355643557155	
4	IRIS_313-11627	-1.11554399754	-0.240746131504	-0.356757940959	
4	IRIS_313-11630	-1.09853197619	-0.198244161695	-0.255306553162	
4	IRIS_313-11632	-1.11673821587	-0.245675188908	-0.366808794924	
4	IRIS_313-11743	-1.02161610983	-0.170410190224	-0.200883144937	
4	IRIS_313-11825	-1.12520879001	-0.25856221098	-0.367734227847	
4	IRIS_313-11826	-0.509207301601	-0.160895949915	-0.196710667567	
4	IRIS_313-12074	-1.12430648752	-0.253584831994	-0.323827911425	
4	IRIS_313-12094	-1.10218384486	-0.248015355257	-0.366267417211	
4	CX66	-0.104695811783	-0.0636034417437	-0.0595444822883	
4	CX110	-0.330826359653	0.112572697166	0.18966857873	
4	IRIS_313-8765	-1.05483700162	-0.212273182366	-0.273102964024	
4	IRIS_313-8814	-1.08712359552	-0.193792870584	-0.247552636062	
4	IRIS_313-9170	-0.564865072638	-0.178287770437	-0.197128185356	
4	IRIS_313-9445	-0.154631271876	-0.0237326426445	0.0868740923929	
4	IRIS_313-9682	-1.00837290451	-0.216816854366	-0.316360720792	
4	IRIS_313-10521	0.0302159446421	-0.170333504264	-0.181073102196	
4	IRIS_313-10732	-1.10876969085	-0.251691397154	-0.367536085423	
4	IRIS_313-11030	-1.03950471179	-0.222702504333	-0.336449171866	
4	IRIS_313-11259	0.0277876349631	-0.116182400295	-0.118937898484	
4	IRIS_313-11350	-1.10756345087	-0.24739259947	-0.364797807309	
4	IRIS_313-11356	-1.08520812203	-0.199961164239	-0.283652902946	
4	IRIS_313-11362	-1.11270053674	-0.25118481082	-0.36692485447	
4	IRIS_313-11373	-1.09635499111	-0.24519507116	-0.334386667474	
4	IRIS_313-11375	-1.10188878956	-0.242821843192	-0.362633560447	
4	IRIS_313-11401	-1.08059776944	-0.24974047178	-0.359413622021	
4	IRIS_313-11698	-1.08431130983	-0.188438893039	-0.249179543408	
4	IRIS_313-15909	-1.0659574	-0.283364956932	-0.322728574872	
5	B023	-0.140351422799	0.00321622127884	0.13175077013	
5	B047	-0.168355194005	-0.029444678071	-0.0168458566618	
5	B084	-0.121269391934	-0.000205555657195	0.216618578514	
5	B086	-0.112677354927	-0.000107093268412	0.23181658472	
5	B124	-0.168613106773	-0.0311196514685	-0.0164816243968	
5	B143	-0.15468284944	-0.0201581815174	0.064275861698	
5	B152	-0.168214144464	-0.0303550125929	-0.0154075205749	
5	B164	-0.0959423524911	0.115184130315	-0.0604539870545	
5	B173	0.646078324761	-0.271937857664	-0.1031492769	
5	B221	-0.165359783792	-0.0300301449937	-0.0170302417093	
5	B243	-0.0798531821055	0.158455567768	-0.0409266833646	
5	CX46	-1.08124419189	-0.233171054998	-0.350971381827	
5	CX72	0.127591263297	0.372974140289	-0.109515728764	
5	CX155	-0.938323473889	-0.233214338538	-0.281343105543	
5	CX227	0.0644423056522	-0.0221842005839	-0.0419246433829	
5	IRIS_313-7933	-1.10932773459	-0.207745571795	-0.171738151703	
5	IRIS_313-8256	-0.120925402141	-0.000596393351855	0.218369458002	
5	IRIS_313-8302	-0.112679439426	-0.000106280565192	0.231810333879	
5	IRIS_313-8382	-0.0695771200414	0.182210126176	-0.0252759291355	
5	IRIS_313-8436	-0.150843991227	-0.0252796589574	0.0980897980612	
5	IRIS_313-8872	-0.144328820275	0.00551526530658	0.134956694985	
5	IRIS_313-8911	0.115661011581	0.361401031512	-0.146847057165	
5	IRIS_313-8986	-0.108258314603	0.0711916057034	-0.0200750339829	
5	IRIS_313-9053	-1.03431515725	-0.237294211936	-0.346323411637	
5	IRIS_313-9101	-0.166257715016	-0.030440271234	-0.01684039619	
5	IRIS_313-9137	0.394310761578	-0.0919161098078	-0.0424964127513	
5	IRIS_313-9242	-0.168709197798	-0.0315278604713	-0.0163581266943	
5	IRIS_313-9313	-0.108320502195	0.0717754425409	-0.0202095907513	
5	IRIS_313-9392	-0.168707149352	-0.0313480903428	-0.0164019957254	
5	IRIS_313-9403	0.699104619433	-0.248519018249	-0.120828534487	
5	IRIS_313-9506	-0.772582568943	-0.199489663782	-0.0687228605479	
5	IRIS_313-9695	0.0871989545791	0.259213601386	-0.145275248349	
5	IRIS_313-9783	-0.394006704079	-0.128345911279	-0.193018476794	
5	IRIS_313-9949	-0.139569880435	-0.00747727710884	0.139311221355	
5	IRIS_313-10562	-0.12092803638	-0.000597051581416	0.218361284878	
5	IRIS_313-10609	0.51616776076	-0.276110318804	-0.0622930615603	
5	IRIS_313-10671	-0.105599250538	0.0745335015736	-0.0187938612068	
5	IRIS_313-10676	-0.0894602264614	0.123549459144	-0.039678747745	
5	IRIS_313-10738	-0.157666975752	-0.018602005976	0.0599755599716	
5	IRIS_313-10740	-0.156739988837	-0.0192943632017	0.066891615979	
5	IRIS_313-10771	-0.16893200143	-0.0321082054829	-0.0163106812549	
5	IRIS_313-10785	-0.156685156563	-0.0193572495721	0.0671715485943	
5	IRIS_313-10786	0.118246026884	0.299399264251	-0.132909289619	
5	IRIS_313-10787	-0.166759005314	-0.0305887018372	-0.0164380310893	
5	IRIS_313-10790	-0.153012624731	-0.0261185208547	0.095915315556	
5	IRIS_313-10800	-0.121870896432	-0.00327839683458	0.214188090052	
5	IRIS_313-10816	-0.150843991227	-0.0252796589574	0.0980897980612	
5	IRIS_313-10817	-0.150932193073	-0.0251785014902	0.0976395053481	
5	IRIS_313-10850	-0.166566908225	-0.0312714609547	-0.0169790779904	
5	IRIS_313-10854	0.400556291236	-0.0502449640257	-0.0382222674751	
5	IRIS_313-10856	-0.167986847303	-0.0316151595074	-0.0168125561176	
5	IRIS_313-10857	0.00959928478594	0.192010162241	-0.0821512225994	
5	IRIS_313-10859	0.430385922483	-0.0921857242211	-0.0416629788441	
5	IRIS_313-10861	-0.0693532669698	0.183883933372	-0.0255772155036	
5	IRIS_313-10864	-0.133272965093	-0.0176029301088	0.149164986534	
5	IRIS_313-10871	-0.0693520181574	0.183881964875	-0.0255775001089	
5	IRIS_313-10872	-0.130170363813	-0.0104658505002	0.163310140003	
5	IRIS_313-10873	-0.127590991135	0.0300560128402	-0.0477200057787	
5	IRIS_313-10876	-0.0748366658355	0.177008451332	-0.0276534879674	
5	IRIS_313-10877	-0.091639028209	0.14458766595	-0.0409512180891	
5	IRIS_313-10878	-0.0696906677414	0.183473315689	-0.0255772384934	
5	IRIS_313-10879	-0.0693521387716	0.183981200688	-0.0256200088819	
5	IRIS_313-10881	-0.114697998869	0.00143502374295	0.225879760232	
5	IRIS_313-10882	-0.0696367889444	0.183542718344	-0.0253998824178	
5	IRIS_313-10883	-0.114697998869	0.00143502374295	0.225879760232	
5	IRIS_313-10891	-0.0695431185658	0.183886326352	-0.0255205543855	
5	IRIS_313-10892	-0.0747027875197	0.17998079198	-0.0207550488793	
5	IRIS_313-10894	-0.0692466842391	0.183957807216	-0.0256623333282	
5	IRIS_313-10896	-0.126868793701	0.0776283703235	-0.0162882642438	
5	IRIS_313-10918	-0.167313253958	-0.0300973451753	-0.0161133722077	
5	IRIS_313-10936	-0.150103329461	-0.0251001900585	0.100376256878	
5	IRIS_313-10980	0.175624379241	-0.176786154194	0.0131557875403	
5	IRIS_313-11005	-0.151865147019	-0.0246590795645	0.0919791438358	
5	IRIS_313-11031	-0.507920449771	-0.106145086173	-0.104651116488	
5	IRIS_313-11032	-1.02231476642	-0.222624061491	-0.286790754421	
5	IRIS_313-11046	-0.156716305155	-0.0192218241877	0.0673760734561	
5	IRIS_313-11062	-0.0457485655891	-0.0870031638085	-0.205479946727	
5	IRIS_313-11068	-1.04648163596	-0.224867488684	-0.288383591789	
5	IRIS_313-11095	-0.168381932008	-0.0321048222704	-0.0165343903959	
5	IRIS_313-11136	-0.0268990340747	-0.210070175277	-0.20548950508	
5	IRIS_313-11204	-0.277520223351	0.00596909512378	0.385065970617	
5	IRIS_313-11223	0.462467697849	-0.110713443114	-0.0313876606455	
5	IRIS_313-11257	-0.152472952836	-0.0283228646852	-0.0199587788332	
5	IRIS_313-11263	0.134310331962	0.401378020369	-0.0958522100716	
5	IRIS_313-11269	-0.163210593455	-0.0204063695694	-0.0064180713964	
5	IRIS_313-11270	0.280915645053	-0.0624138378547	0.00720927904422	
5	IRIS_313-11274	-0.146056041744	0.0488917390999	-0.0427199949294	
5	IRIS_313-11285	-0.428631912884	0.0578836998607	0.305978655279	
5	IRIS_313-11290	-0.155341274736	-0.023020183448	-0.000219625417912	
5	IRIS_313-11295	-0.112677354927	-0.000107093268412	0.23181658472	
5	IRIS_313-11297	-1.03143979351	-0.211085631959	-0.278074670577	
5	IRIS_313-11302	0.285709438537	-0.0887094153432	0.123007193923	
5	IRIS_313-11352	-0.0939248212032	-0.055603777691	-0.0170509975481	
5	IRIS_313-11452	-0.474809561001	-0.0858118112276	0.223836647726	
5	IRIS_313-11453	0.605385839424	-0.30535247246	-0.0535466897268	
5	IRIS_313-11460	0.171294217771	0.384259627654	-0.157594788303	
5	IRIS_313-11484	-1.0372705627	-0.334163746704	-0.261278517462	
5	IRIS_313-11591	0.158583384881	0.317364017348	-0.157389028227	
5	IRIS_313-11617	-0.0746062013465	0.177387176794	-0.027565505759	
5	IRIS_313-11626	-1.09899329712	-0.206054373553	-0.258443936459	
5	IRIS_313-11643	-0.0698157312229	0.182623985883	-0.0179298130073	
5	IRIS_313-11644	0.785174936512	-0.227742704454	-0.11259303281	
5	IRIS_313-11671	0.716338748532	-0.291425601541	-0.0960166603913	
5	IRIS_313-11690	-0.0385735027013	0.136153585268	-0.0499040712897	
5	IRIS_313-11737	-0.069352343821	0.183885022308	-0.025578204755	
5	IRIS_313-12052	0.465960988674	-0.238544195887	-0.04502503849	
5	IRIS_313-12183	-0.0768968801115	0.172579142325	-0.0218274371888	
0	B010	0.253678642576	-0.16212940455	-0.0326111074015	
0	B026	0.716381065358	-0.28282072723	-0.10329301779	
0	B029	0.00918289507404	0.134370739616	-0.118724879886	
0	B059	0.185114105401	0.449676139744	-0.144674967355	
0	B061	0.192542852005	0.472150316608	-0.13422522502	
0	B064	0.131715830235	0.373564219517	-0.193676549914	
0	B073	0.190996840351	0.407941435673	-0.167269620357	
0	B074	0.191906135437	0.47206838184	-0.13417850786	
0	B076	0.116786129058	0.335515993185	-0.14819868604	
0	B079	0.127617957656	0.402042410457	-0.15522690698	
0	B081	0.0878664506738	0.330122277325	-0.160778614324	
0	B089	0.100980388579	0.250377132346	-0.116075008371	
0	B090	0.146211963594	0.297832336702	-0.151952915783	
0	B091	0.590404850709	-0.195347211278	-0.114627255281	
0	B092	0.187822373074	0.458575119952	-0.129826949056	
0	B094	-0.165169888491	-0.0307023400118	-0.0181571506778	
0	B095	0.346223807696	-0.19334923692	-0.0568288937655	
0	B096	0.64556752601	-0.247868320937	-0.137114525087	
0	B097	0.0891662023018	0.249675496697	-0.146791160618	
0	B105	0.206953136951	0.466447296272	-0.173061056428	
0	B107	0.175000401779	0.390162129786	-0.178806234267	
0	B113	0.15243243843	0.39659023298	-0.157207044242	
0	B115	0.192269090604	0.471117140339	-0.133965758645	
0	B116	0.13490849367	0.371471804084	-0.181820827937	
0	B121	0.181466582016	0.46375878595	-0.151788937631	
0	B123	0.119803733309	0.306499683445	-0.162082754566	
0	B125	0.117818286367	0.324760959488	-0.169071569628	
0	B129	0.536558244432	-0.27187100708	-0.101868664366	
0	B130	-0.159362146402	-0.0382224658528	-0.000927299173147	
0	B131	0.174502379266	0.395148815012	-0.164875659607	
0	B140	-0.109295175777	0.0411906556579	-0.053704864829	
0	B149	0.713097001983	-0.276846481435	-0.0962806458281	
0	B150	0.311256354923	-0.114993345101	-0.042911315675	
0	B157	0.192949815849	0.472933293285	-0.135210607003	
0	B163	0.131371223489	0.300690530791	-0.127611361492	
0	B197	0.124587505715	0.369275967773	-0.177052981826	
0	B208	0.191905585046	0.47206816894	-0.134179059735	
0	B210	0.132408412921	0.328903281427	-0.130759059711	
0	B214	0.130752326102	0.32800603463	-0.162057207504	
0	B216	0.000971198287863	0.166559442483	-0.0964034466096	
0	B217	0.130752326102	0.32800603463	-0.162057207504	
0	B222	0.132393414398	0.328898001334	-0.130745861357	
0	B229	0.118763982835	0.293005282821	-0.138052847583	
0	B247	-0.106548927128	-0.0679573891898	0.00169820104887	
0	B249	0.705874549992	-0.248787707278	-0.11975160713	
0	B252	0.130752326102	0.32800603463	-0.162057207504	
0	B253	0.553183343871	-0.104092094458	-0.0920589222393	
0	B254	0.558716085805	-0.112548098371	-0.0924955665996	
0	B259	0.685200772566	-0.168849846424	-0.0935979062865	
0	B261	0.66803256572	-0.230274570002	-0.108881042328	
0	B264	-0.109295175777	0.0411906556579	-0.053704864829	
0	B265	0.581153181775	-0.179878544992	-0.114819029132	
0	CX60	-0.00225791257915	0.179422264687	-0.126083405239	
0	CX114	0.540573761812	-0.079461279764	-0.0825183256527	
0	CX141	0.383445842902	-0.112808278342	-0.063668875926	
0	CX148	0.174285047263	0.412990534866	-0.184980549342	
0	CX150	0.56405582945	-0.243412770968	-0.0918788153455	
0	CX154	0.642789852819	-0.285693887863	-0.110385197822	
0	CX158	0.522754739041	-0.201579638035	-0.087772155278	
0	CX162	0.166502017827	0.443508114738	-0.11729986016	
0	CX270	-0.16476511072	-0.0306183159913	-0.0174456736121	
0	CX403	0.13073054105	0.359211417727	-0.156304643524	
0	IRIS_313-7736	0.184634598286	0.417635387366	-0.169297675506	
0	IRIS_313-8253	0.650829733787	-0.286328293729	-0.106558726229	
0	IRIS_313-8305	0.670816176726	-0.251153331709	-0.0763384209102	
0	IRIS_313-8312	0.0704093540257	0.323906511421	-0.135173097769	
0	IRIS_313-8315	0.140064442603	0.317854098738	-0.135273354722	
0	IRIS_313-8332	0.103809541294	0.256011467368	-0.143754504898	
0	IRIS_313-8349	0.625195849541	-0.260801337067	-0.101378568094	
0	IRIS_313-8386	0.08337317736	0.247636130279	-0.113991831948	
0	IRIS_313-8401	0.131229403885	0.305993370042	-0.175242254857	
0	IRIS_313-8407	0.0684056312082	0.266483435136	-0.121301849734	
0	IRIS_313-8414	0.0975718312036	0.253642870257	-0.115137124017	
0	IRIS_313-8453	0.094317593672	0.245983071833	-0.134669941571	
0	IRIS_313-8454	0.66803256572	-0.230274570002	-0.108881042328	
0	IRIS_313-8458	-0.149847673768	-0.0122115482454	-0.0273869630582	
0	IRIS_313-8485	0.697828214434	-0.248651393244	-0.092072646543	
0	IRIS_313-8493	0.269025181552	-0.15392292007	-0.0918116367078	
0	IRIS_313-8530	0.582423605375	-0.266591729773	-0.117977367169	
0	IRIS_313-8557	0.0817219668908	0.263319650837	-0.0669012420761	
0	IRIS_313-8568	0.625824876357	-0.255854247532	-0.0421745423141	
0	IRIS_313-8585	0.63128049558	-0.3017645962	-0.0751586283789	
0	IRIS_313-8586	0.101460679713	0.251868949863	-0.127996716953	
0	IRIS_313-8603	0.0772100068662	0.249064858198	-0.107988397466	
0	IRIS_313-8621	0.12921746972	0.242647331301	-0.182549244938	
0	IRIS_313-8660	0.711586083852	-0.215647970335	-0.111142445663	
0	IRIS_313-8725	0.150991631305	0.307093523442	-0.154642173149	
0	IRIS_313-8844	0.667506632761	-0.281692697785	-0.109496810167	
0	IRIS_313-8900	-0.313685635306	-0.0653565399769	0.408003825726	
0	IRIS_313-8924	0.690480483247	-0.191101996313	-0.129778313095	
0	IRIS_313-8925	-0.247916807167	0.028280319261	0.3820609391	
0	IRIS_313-8930	0.52095726376	-0.273722891282	-0.0744057088182	
0	IRIS_313-8935	-0.157312522358	-0.0278696964927	-0.0186706069618	
0	IRIS_313-8940	0.191906135437	0.47206838184	-0.13417850786	
0	IRIS_313-8946	0.764412168355	-0.249559519561	-0.102594288731	
0	IRIS_313-8948	0.582109050362	-0.141090903902	-0.129321804843	
0	IRIS_313-8967	0.14040826928	0.380268168943	-0.139793363424	
0	IRIS_313-8982	-0.107135740872	0.0724971092476	-0.0186099901805	
0	IRIS_313-8985	0.645086168487	-0.279774512598	-0.102176708929	
0	IRIS_313-8988	0.710267505949	-0.279347867317	-0.0892782513872	
0	IRIS_313-8994	0.127785104454	0.302713243909	-0.17059810237	
0	IRIS_313-9020	0.143030433525	0.31321423186	-0.148935969254	
0	IRIS_313-9039	0.583623090543	-0.197481149676	-0.102032795979	
0	IRIS_313-9067	0.620278743193	-0.235876328283	-0.122713921787	
0	IRIS_313-9108	0.453258695181	-0.246442993244	-0.0793829036753	
0	IRIS_313-9117	0.375012363141	-0.123551390033	-0.0711926890273	
0	IRIS_313-9121	0.634784170169	-0.146510763055	-0.146248034607	
0	IRIS_313-9182	0.658608390378	-0.15338999315	-0.116045463166	
0	IRIS_313-9262	0.499232468766	-0.220455858005	-0.0408983663224	
0	IRIS_313-9317	0.104370163791	0.27793116283	-0.117335148241	
0	IRIS_313-9320	0.630399831433	-0.238048217836	-0.100288397766	
0	IRIS_313-9324	0.165417385107	0.314348257928	-0.16612432481	
0	IRIS_313-9325	0.553196839191	-0.195114661651	-0.0752635297531	
0	IRIS_313-9384	0.591276786387	-0.224903279651	0.0579123047157	
0	IRIS_313-9406	0.14279707243	0.313139815921	-0.148784085966	
0	IRIS_313-9409	0.129910369624	0.395752734125	-0.1279898005	
0	IRIS_313-9424	0.0428187136184	0.215132126153	-0.129891649721	
0	IRIS_313-9427	0.537273491589	-0.229451976443	-0.0715145970745	
0	IRIS_313-9469	0.550681560265	-0.253723293526	-0.0819492468584	
0	IRIS_313-9492	0.614919192589	-0.242482250075	-0.0662128931908	
0	IRIS_313-9560	0.0670894530266	0.31583631112	-0.163995688565	
0	IRIS_313-9570	0.111679758202	0.305409058091	-0.17300938745	
0	IRIS_313-9590	-0.166262862357	-0.0296471956044	-0.015353996503	
0	IRIS_313-9593	0.0644141891848	0.226703304092	-0.101432969713	
0	IRIS_313-9594	0.508625043929	-0.21473865198	-0.0713111554524	
0	IRIS_313-9605	0.713592264051	-0.282920561938	-0.0948208050705	
0	IRIS_313-9609	-0.135976872411	0.00613986301049	-0.0462462051036	
0	IRIS_313-9619	0.108909707823	0.341763142088	-0.176649829875	
0	IRIS_313-9634	0.644991571606	-0.269463852273	-0.121560326815	
0	IRIS_313-9867	0.193477994065	0.398741365089	-0.191867015876	
0	IRIS_313-9917	0.15031179623	0.372459570698	-0.144870729594	
0	IRIS_313-9968	0.621621491527	-0.208501455868	-0.0962732398404	
0	IRIS_313-9969	0.64281779862	-0.149404704321	-0.0265760878327	
0	IRIS_313-9976	0.21748247898	0.442377881772	-0.181780144894	
0	IRIS_313-10171	0.190940802278	0.466291871738	-0.133212250309	
0	IRIS_313-10177	0.13930987967	0.406084985514	-0.120199694001	
0	IRIS_313-10179	0.1623182127	0.3750455914	-0.16650195456	
0	IRIS_313-10189	0.164863831683	0.405565449632	-0.157931184362	
0	IRIS_313-10221	0.548517460714	-0.240380874965	-0.0225600949696	
0	IRIS_313-10477	0.166620918672	0.450385025334	-0.123467232836	
0	IRIS_313-10503	0.57798147981	-0.221990245661	-0.0853787652708	
0	IRIS_313-10511	0.0613007908249	0.20267062325	-0.127923085583	
0	IRIS_313-10518	0.586092701852	-0.214709444997	-0.124864712869	
0	IRIS_313-10560	0.575764476234	-0.0536167875384	-0.0418970212277	
0	IRIS_313-10614	0.0729328737531	0.361153844231	-0.0795069069206	
0	IRIS_313-10651	0.670759656285	-0.18353226409	-0.104586113865	
0	IRIS_313-10652	0.511490714432	-0.282660022465	-0.0662569647	
0	IRIS_313-10664	-0.265917378362	-0.0598811273868	0.39605706454	
0	IRIS_313-10666	0.677383636885	-0.202327223539	-0.123436862614	
0	IRIS_313-10667	0.430524890584	-0.192829763764	-0.101353944603	
0	IRIS_313-10668	0.76772373129	-0.234672507797	-0.0790441281998	
0	IRIS_313-10674	0.215934071262	0.445076968713	-0.174690482201	
0	IRIS_313-10675	-0.108371518599	0.0717611991637	-0.020167837913	
0	IRIS_313-10681	0.600798474795	-0.267596854276	-0.0689310077152	
0	IRIS_313-10682	0.142871549176	0.369710073762	-0.148451548853	
0	IRIS_313-10687	0.192562767049	0.397796695541	-0.19167090449	
0	IRIS_313-10688	0.298500432793	-0.158799275382	-0.0877617337266	
0	IRIS_313-10697	0.0684056312082	0.266483435136	-0.121301849734	
0	IRIS_313-10706	0.073382933634	0.244709820645	-0.118526699795	
0	IRIS_313-10748	0.18556541292	0.455257160997	-0.130761364397	
0	IRIS_313-10751	0.383024041799	-0.190240775295	-0.0386762269849	
0	IRIS_313-10755	0.486621151314	-0.199653230236	-0.0935927749223	
0	IRIS_313-10762	0.396642467285	-0.129427208499	-0.0907287623062	
0	IRIS_313-10774	-0.155334759923	-0.029603310013	-0.0205168513644	
0	IRIS_313-10778	0.369202287474	-0.158454915329	-0.0381292286972	
0	IRIS_313-10779	0.165941850173	0.322917184606	-0.162415256411	
0	IRIS_313-10806	0.176317671475	-0.0820323194306	-0.0499345270722	
0	IRIS_313-10810	0.156720196471	0.370274796795	-0.176540908562	
0	IRIS_313-10813	0.14725424336	0.317458413255	-0.152548431241	
0	IRIS_313-10814	0.0833492687527	0.228698320751	-0.15748784702	
0	IRIS_313-10822	0.199011813824	0.426998001234	-0.206116516	
0	IRIS_313-10824	0.192763050901	0.398077077254	-0.191901765918	
0	IRIS_313-10847	0.629880366162	-0.217353124316	-0.150944519326	
0	IRIS_313-10855	0.697246714938	-0.182472370892	-0.114030591077	
0	IRIS_313-10858	0.350650144602	-0.19222450419	-0.115420518148	
0	IRIS_313-10863	-0.315856116573	-0.0622697418621	0.41034445911	
0	IRIS_313-10880	0.0959665690695	0.251554872761	-0.120843755756	
0	IRIS_313-10885	0.684021493599	-0.213310504435	-0.0961425852436	
0	IRIS_313-10887	0.705284485009	-0.30315718291	-0.0933786865339	
0	IRIS_313-10897	0.579078414792	-0.248322019377	-0.0992845353109	
0	IRIS_313-10900	0.647210509077	-0.327546769517	-0.0737169419091	
0	IRIS_313-10912	0.480566706587	-0.195685097509	-0.0907331198653	
0	IRIS_313-10924	0.177534324983	0.419574273263	-0.164875879356	
0	IRIS_313-10928	0.577436065615	-0.129522892461	-0.0690691896359	
0	IRIS_313-10937	0.0575451192129	0.256791691622	-0.110840044913	
0	IRIS_313-10938	0.498288843213	-0.252517713756	-0.0619386991507	
0	IRIS_313-10942	0.57310442522	-0.178456590716	-0.0915648042702	
0	IRIS_313-10944	-0.055829666567	0.126156859127	-0.0699682218	
0	IRIS_313-10954	0.356431186836	-0.181695530703	-0.082833669747	
0	IRIS_313-10961	0.32484115911	-0.159955248488	-0.092446309753	
0	IRIS_313-10975	0.147283179627	0.383856137716	-0.174472533214	
0	IRIS_313-10984	0.678787567715	-0.302845985469	-0.0991727816742	
0	IRIS_313-10986	0.681004649361	-0.223053553332	-0.0984039917665	
0	IRIS_313-10990	0.29704615561	-0.258132837734	-0.0200275086906	
0	IRIS_313-10995	0.541063667261	-0.26864957633	-0.0475337416765	
0	IRIS_313-10997	0.58881118211	-0.237428960164	-0.0660779571767	
0	IRIS_313-11076	0.640756310914	-0.345136135955	-0.058524100265	
0	IRIS_313-11079	-0.15696019216	-0.0306098381925	-0.0221240843133	
0	IRIS_313-11081	0.639963238566	-0.265311592203	-0.0591080770523	
0	IRIS_313-11083	0.142871549176	0.369710073762	-0.148451548853	
0	IRIS_313-11085	0.459848512133	-0.213200627148	-0.0735714236084	
0	IRIS_313-11089	0.715775033598	-0.278276300951	-0.0633960562328	
0	IRIS_313-11097	0.109392933602	0.404191123916	-0.111354935306	
0	IRIS_313-11113	0.560909986422	-0.272890612593	-0.0981789917998	
0	IRIS_313-11118	0.471356660499	-0.183304368284	-0.0939515952874	
0	IRIS_313-11162	0.168015260351	0.361959966518	-0.183873314669	
0	IRIS_313-11205	0.556325675717	-0.192704828785	-0.109924501855	
0	IRIS_313-11206	0.316122356757	-0.163786805534	-0.0141676469431	
0	IRIS_313-11234	0.106042040196	0.318483634225	-0.157783736777	
0	IRIS_313-11255	-0.146301626518	0.0123240457674	-0.036318169818	
0	IRIS_313-11256	0.125405641556	0.352095291612	-0.145054984069	
0	IRIS_313-11260	-0.16074796587	-0.029030071305	-0.0141226122915	
0	IRIS_313-11261	0.50453527936	-0.268416071407	-0.0911067448979	
0	IRIS_313-11262	0.0959154393094	0.25170425416	-0.12084551852	
0	IRIS_313-11264	0.0398039677638	0.207216475642	-0.12965183652	
0	IRIS_313-11266	0.187081911445	0.350560353208	-0.166442152352	
0	IRIS_313-11267	0.728297091155	-0.308472464245	-0.106663429788	
0	IRIS_313-11271	0.767335570575	-0.244949250258	-0.101250901245	
0	IRIS_313-11273	0.125405641556	0.352095291612	-0.145054984069	
0	IRIS_313-11275	0.103969632572	0.26061004858	-0.146232092308	
0	IRIS_313-11276	0.575166987612	-0.324347799539	-0.0846728006927	
0	IRIS_313-11278	0.142964402566	0.310201762661	-0.157816791117	
0	IRIS_313-11279	0.0776422210022	0.254442008835	-0.108821805134	
0	IRIS_313-11280	0.18752505981	0.397532584871	-0.190292780844	
0	IRIS_313-11281	0.628531208914	-0.233063204143	-0.0731107573268	
0	IRIS_313-11282	0.10500358482	0.262775207775	-0.121688808977	
0	IRIS_313-11283	-0.135121931239	0.00647056784036	-0.0453889580773	
0	IRIS_313-11284	0.191270193545	0.413482426019	-0.147632316489	
0	IRIS_313-11286	0.154882001307	0.324066600974	-0.165686919215	
0	IRIS_313-11287	-0.155762683542	-0.0306799877282	-0.02218096219	
0	IRIS_313-11288	0.15695278525	0.43788010415	-0.133548474467	
0	IRIS_313-11292	-0.155640328044	-0.0290876916035	-0.0206801135205	
0	IRIS_313-11294	0.737522600902	-0.243359901792	-0.100250290677	
0	IRIS_313-11296	0.698479273907	-0.249785266714	-0.120791556389	
0	IRIS_313-11299	0.587715428877	-0.243911937071	-0.063217363048	
0	IRIS_313-11300	0.685081123036	-0.229192352434	-0.124219626577	
0	IRIS_313-11301	0.646265376395	-0.231042832922	-0.101484286641	
0	IRIS_313-11303	-0.144798648484	-0.0160465348592	-0.0204906589482	
0	IRIS_313-11304	0.639706542381	-0.344878236746	-0.0816210255443	
0	IRIS_313-11305	-0.0522039172409	0.181445427842	-0.0612693184626	
0	IRIS_313-11306	-0.134353274732	-0.00266172253328	-0.0405270406784	
0	IRIS_313-11307	0.179304258519	0.403874102866	-0.198952819122	
0	IRIS_313-11308	0.187961807991	0.35091676726	-0.166941747779	
0	IRIS_313-11309	0.110971771316	0.256393329859	-0.133176545666	
0	IRIS_313-11310	0.58317099129	-0.232699519513	-0.0985895689896	
0	IRIS_313-11316	0.133932979982	0.290443336805	-0.159771160627	
0	IRIS_313-11321	0.530600004139	-0.274982285478	-0.0780582045187	
0	IRIS_313-11338	0.295838947045	-0.256813195728	-0.0258436234973	
0	IRIS_313-11345	0.297001014601	-0.25814768111	-0.019987147682	
0	IRIS_313-11346	0.142167347129	0.363440994375	-0.150247181996	
0	IRIS_313-11347	0.308777862573	-0.219249190417	-0.0249447954723	
0	IRIS_313-11382	0.185546563589	0.400166480247	-0.137901761962	
0	IRIS_313-11383	0.0668749830728	0.248654733837	-0.0945838675078	
0	IRIS_313-11386	0.621190244924	-0.276699475405	-0.103785763056	
0	IRIS_313-11407	0.744964626229	-0.237230855965	-0.100824378529	
0	IRIS_313-11442	-0.0545054455254	0.121779871715	-0.0798032018837	
0	IRIS_313-11443	0.209260150976	0.449783987109	-0.191758303128	
0	IRIS_313-11447	0.0879365921931	0.218200760971	-0.135983105377	
0	IRIS_313-11461	0.674603570936	-0.177097454082	-0.0985087025719	
0	IRIS_313-11467	0.191780841022	0.398033752847	-0.191323544673	
0	IRIS_313-11472	-0.0570033486785	0.134629528259	-0.0440168706984	
0	IRIS_313-11490	0.104486240399	0.257864546174	-0.120733986922	
0	IRIS_313-11493	0.0942771171869	0.297624221559	-0.129791782829	
0	IRIS_313-11521	0.117799690111	0.335939220759	-0.126841101341	
0	IRIS_313-11530	0.609356312679	-0.303001786481	-0.0614829676208	
0	IRIS_313-11558	0.693965662258	-0.207451710122	-0.107453046567	
0	IRIS_313-11561	0.514906194701	-0.274277819179	-0.0979224270072	
0	IRIS_313-11565	0.606246057823	-0.288758344112	-0.0871857431817	
0	IRIS_313-11622	0.496559312184	-0.0855182573533	-0.0934128574054	
0	IRIS_313-11624	0.162301031044	0.406506201642	-0.159053152878	
0	IRIS_313-11635	0.115373808871	0.258674312895	-0.12455866061	
0	IRIS_313-11638	0.575252640934	-0.250239844914	-0.0903941459705	
0	IRIS_313-11642	0.578973532186	-0.231421460202	-0.0891116811515	
0	IRIS_313-11645	0.536177786108	-0.309099944953	-0.0362114984516	
0	IRIS_313-11646	0.607973361806	-0.223956689617	-0.0991083416242	
0	IRIS_313-11647	0.677009413178	-0.26581542798	-0.0516227070497	
0	IRIS_313-11648	0.708904639473	-0.228608472731	-0.132750778923	
0	IRIS_313-11664	0.723351531697	-0.266216615052	-0.118035722948	
0	IRIS_313-11665	0.664817645005	-0.236453477792	-0.0884700656936	
0	IRIS_313-11666	0.542137801872	-0.133006712594	-0.0838636845494	
0	IRIS_313-11667	0.190850234965	0.471203828803	-0.133953649788	
0	IRIS_313-11668	0.60757616454	-0.205188433652	-0.0457826505197	
0	IRIS_313-11674	0.609118813991	-0.302944011757	-0.0614238908756	
0	IRIS_313-11677	0.571989369558	-0.126136907527	-0.0695436555986	
0	IRIS_313-11679	0.642629598806	-0.276086551707	-0.0893517452415	
0	IRIS_313-11681	0.129149324321	0.370229389473	-0.158810737424	
0	IRIS_313-11683	0.721439665716	-0.306340161298	-0.103946374192	
0	IRIS_313-11684	0.634924633983	-0.276730524645	-0.0840066642573	
0	IRIS_313-11685	0.569899085421	-0.306568496272	-0.0719965871112	
0	IRIS_313-11686	0.626280613827	-0.28152607195	-0.0561522652786	
0	IRIS_313-11687	0.545293947596	-0.298342973949	-0.0881932621571	
0	IRIS_313-11692	0.148039838317	0.325221734276	-0.140149158376	
0	IRIS_313-11693	0.127978676168	0.372786826919	-0.130884353496	
0	IRIS_313-11700	0.60464923389	-0.265610703691	-0.0537495397212	
0	IRIS_313-11704	0.596662664771	-0.288019541143	-0.0696948450701	
0	IRIS_313-11705	0.170912924836	0.402216927557	-0.145513632579	
0	IRIS_313-11706	0.266473304373	-0.120741543995	-0.0869572834385	
0	IRIS_313-11707	0.116971838762	0.295247784971	-0.114138209412	
0	IRIS_313-11708	0.635210885318	-0.297652546865	-0.0798967386945	
0	IRIS_313-11709	0.487486074196	-0.198996909531	-0.0937761365841	
0	IRIS_313-11710	0.58573114455	-0.239930685075	-0.113716008784	
0	IRIS_313-11711	0.635276858545	-0.127878255561	-0.127133364771	
0	IRIS_313-11717	0.563057151497	-0.189334415212	-0.0821273497808	
0	IRIS_313-11719	0.610008096248	-0.272835872694	-0.0663567177845	
0	IRIS_313-11722	0.166416198041	0.443457138419	-0.117224590094	
0	IRIS_313-11727	0.664817645005	-0.236453477792	-0.0884700656936	
0	IRIS_313-11728	0.151248618114	0.371954031212	-0.15167332198	
0	IRIS_313-11730	0.191906135437	0.47206838184	-0.13417850786	
0	IRIS_313-11731	0.191906135437	0.47206838184	-0.13417850786	
0	IRIS_313-11732	0.192895006426	0.47258673394	-0.13416894245	
0	IRIS_313-11733	0.178893949614	0.451170430058	-0.155164478208	
0	IRIS_313-11734	0.192895006426	0.47258673394	-0.13416894245	
0	IRIS_313-11738	0.700114957296	-0.245385535326	-0.093836471842	
0	IRIS_313-11741	0.593346150229	-0.193005167745	-0.109513910706	
0	IRIS_313-11744	0.0789544300156	0.339421934075	-0.127235636617	
0	IRIS_313-11745	-0.112743072165	0.0862472637165	-0.0299107136602	
0	IRIS_313-11746	0.723351531697	-0.266216615052	-0.118035722948	
0	IRIS_313-11747	0.160687755811	0.411955758617	-0.131901848697	
0	IRIS_313-11748	-0.119740127407	0.051519762907	-0.0608592577957	
0	IRIS_313-11750	0.144361551577	0.335653325521	-0.13569106894	
0	IRIS_313-11751	0.141384464904	0.411222333277	-0.121528431179	
0	IRIS_313-11752	0.191906135437	0.47206838184	-0.13417850786	
0	IRIS_313-11753	0.185141487798	0.474737298911	-0.145383763113	
0	IRIS_313-11795	0.191906135437	0.47206838184	-0.13417850786	
0	IRIS_313-11796	0.151387268161	0.329187687387	-0.142929899189	
0	IRIS_313-11797	0.721522111678	-0.267519025962	-0.115975304978	
0	IRIS_313-11798	0.11574532965	0.27751218015	-0.133707494525	
0	IRIS_313-11799	0.723066427886	-0.265199283374	-0.118227860131	
0	IRIS_313-11801	0.188074924476	0.386762466401	-0.179923048213	
0	IRIS_313-11802	0.715283029982	-0.26927320815	-0.115926695342	
0	IRIS_313-11804	0.191906135437	0.47206838184	-0.13417850786	
0	IRIS_313-11805	0.6942126757	-0.205374237097	-0.114836521958	
0	IRIS_313-11806	0.176929899168	0.465612264984	-0.132447913186	
0	IRIS_313-11816	0.741486963853	-0.240624019103	-0.129095283725	
0	IRIS_313-11817	-0.163998254909	-0.0304880340889	-0.0179577898597	
0	IRIS_313-11819	0.670938936112	-0.312142319505	-0.0952921240619	
0	IRIS_313-11820	0.578856873539	-0.184936805939	-0.103972556759	
0	IRIS_313-11822	0.634340975803	-0.261773841656	-0.110252098893	
0	IRIS_313-11823	0.569371636148	-0.232707397825	-0.118736712395	
0	IRIS_313-11824	0.639372135303	-0.26698851659	-0.110545556008	
0	IRIS_313-11833	0.0813471140002	0.318937271016	-0.146428286341	
0	IRIS_313-11835	-0.157288391471	-0.0288960756543	-0.0202826207045	
0	IRIS_313-11836	0.668822948838	-0.231998828153	-0.0989067119726	
0	IRIS_313-11840	0.380260821157	-0.131179460297	-0.0981988854845	
0	IRIS_313-11842	0.110553841878	0.321416244324	-0.153852572644	
0	IRIS_313-11848	-0.147577930048	-0.0277874047391	-0.0227405094766	
0	IRIS_313-11854	-0.117502831806	0.0564667276618	-0.0480861010838	
0	IRIS_313-11866	0.192895006426	0.47258673394	-0.13416894245	
0	IRIS_313-11867	0.164863831683	0.405565449632	-0.157931184362	
0	IRIS_313-11870	0.150380698647	0.320292000017	-0.142052451019	
0	IRIS_313-11877	0.695072761213	-0.178445403489	-0.0954073948568	
0	IRIS_313-11878	0.628532616248	-0.233063232755	-0.0731123147289	
0	IRIS_313-11882	0.192774381109	0.472575616077	-0.134215140974	
0	IRIS_313-11909	0.710392794646	-0.194163934968	-0.10679836224	
0	IRIS_313-11916	-0.231575608472	-0.0267164716927	0.391793446138	
0	IRIS_313-11918	0.588462186416	-0.212483294181	-0.118644657309	
0	IRIS_313-11919	0.683068152102	-0.195247994002	-0.106193996078	
0	IRIS_313-11935	0.415634589558	-0.151571122463	-0.0906323302618	
0	IRIS_313-11945	0.375563204716	-0.116292432734	-0.0895108363189	
0	IRIS_313-11949	0.656555305001	-0.274254562338	-0.0867815288591	
0	IRIS_313-11950	0.601308387822	-0.284889429071	-0.0865180015981	
0	IRIS_313-11953	0.667914584998	-0.230303815509	-0.108805824448	
0	IRIS_313-11955	0.064158489167	0.324917103293	-0.111329359274	
0	IRIS_313-11959	0.0073728449702	0.186455925454	-0.0976449849937	
0	IRIS_313-11966	0.668035230781	-0.230285762792	-0.108885381507	
0	IRIS_313-11989	0.611519512308	-0.163475525895	-0.099366320581	
0	IRIS_313-11999	0.744083965846	-0.233780644713	-0.0949189908267	
0	IRIS_313-12000	0.271564505303	-0.241147718124	-0.062771885879	
0	IRIS_313-12010	0.75007278012	-0.248967038594	-0.112770497066	
0	IRIS_313-12033	0.191955402238	0.472109593312	-0.134208540419	
0	IRIS_313-12040	0.0319653466949	0.185361598602	-0.117409984851	
0	IRIS_313-12041	0.487534832969	-0.198879719834	-0.0938464306396	
0	IRIS_313-12044	0.608544233462	-0.272845463536	-0.0768895841557	
0	IRIS_313-12048	0.486825246003	-0.226245689144	-0.0659827438616	
0	IRIS_313-12058	0.343129286918	-0.253803276897	-0.0301518648135	
0	IRIS_313-12097	0.137346302331	0.290336261976	-0.161737384774	
0	IRIS_313-12121	0.611775391979	-0.272123027176	-0.0822605280985	
0	IRIS_313-12127	0.130923357397	0.359406479548	-0.15070484063	
0	IRIS_313-12128	0.646670343956	-0.285101511705	-0.107620246874	
0	IRIS_313-12146	0.712358803385	-0.227265878179	-0.117355840897	
0	IRIS_313-12190	0.164868471246	0.396729916624	-0.177487422811	
0	IRIS_313-12220	0.607333227429	-0.218510501762	-0.0632820266821	
0	IRIS_313-12234	0.130752326102	0.32800603463	-0.162057207504	
0	IRIS_313-12268	0.709542915736	-0.30490211434	-0.0948712047853	
0	IRIS_313-12269	0.624212333511	-0.213201943473	-0.101037627379	
0	IRIS_313-12275	-0.0993164875394	0.0849043483557	-0.0708469206621	
0	IRIS_313-12287	0.650008581732	-0.281727328457	-0.063575297399	
0	IRIS_313-12288	0.585889941623	-0.255989590556	-0.114967414395	
0	IRIS_313-12291	-0.00975823824071	0.175347606423	-0.0946603545747	
0	IRIS_313-12300	0.482900854289	-0.217869882097	-0.00657931087491	
0	IRIS_313-12305	0.142870973068	0.369709202965	-0.148454636732	
0	IRIS_313-12334	0.680146515417	-0.170333900526	-0.110469213443	
0	IRIS_313-12354	0.103186782801	0.250498042292	-0.143779408804	
0	IRIS_313-12355	0.128152415969	0.266869242573	-0.144299689382	
1	CX368	-0.0778194618707	0.127646876659	-0.00919620389881	
1	IRIS_313-8321	0.321022893903	-0.119960742297	0.237564379848	
1	IRIS_313-8342	-0.0971771399273	0.13048948705	-0.0417443887714	
1	IRIS_313-8410	-0.101886366958	0.0822605176668	-0.0278044277615	
1	IRIS_313-8554	-0.069352343821	0.183885022308	-0.025578204755	
1	IRIS_313-8721	-0.105370184651	0.109226278319	-0.0255793822365	
1	IRIS_313-8864	-0.10444791735	0.0676214085206	-0.0692112824221	
1	IRIS_313-8963	-0.0972674667754	0.0706164110427	-0.0221487291748	
1	IRIS_313-9283	-0.868760855412	-0.12805805746	-0.115153934154	
1	IRIS_313-9422	-0.155958878451	0.00346917605886	-0.0327519127003	
1	IRIS_313-9449	-0.894759930238	-0.137343286096	-0.0870966402213	
1	IRIS_313-9610	-0.871706268577	-0.0538335597921	0.105636687068	
1	IRIS_313-9626	-0.0903049792605	0.0868979607841	-0.0303576334879	
1	IRIS_313-9661	-0.1360525375	0.0211646804227	-0.00362269627402	
1	IRIS_313-10020	-0.161541727929	-0.0211130464122	0.00794446328926	
1	IRIS_313-10543	-0.90414252591	-0.340732807142	-0.111045150817	
1	IRIS_313-10673	-0.150456522767	0.0056270281874	0.00132307103158	
1	IRIS_313-10718	-0.165065804961	-0.0288462880854	-0.00938197142792	
1	IRIS_313-10845	-0.913867545995	-0.36231146957	-0.22192838041	
1	IRIS_313-10849	-0.100220222899	0.0901217713561	-0.0351743944047	
1	IRIS_313-10852	-0.105036829085	0.0705775511542	-0.0670889311706	
1	IRIS_313-10869	-0.0697576722647	0.182599213027	-0.0255263583785	
1	IRIS_313-10875	-0.0980304130259	0.0944667574311	-0.0365901095366	
1	IRIS_313-10925	-0.0734806955601	0.17411147306	-0.0172581396357	
1	IRIS_313-10927	-1.02173579948	-0.219641840307	-0.164429562612	
1	IRIS_313-10963	-0.166043147029	-0.0280447387699	-0.0163571277731	
1	IRIS_313-10965	-0.167558743618	-0.0276498131227	-0.0171888704429	
1	IRIS_313-10976	-0.983238505713	-0.309918220439	-0.217930197504	
1	IRIS_313-10979	0.346449190412	-0.27343537707	-0.0193424152939	
1	IRIS_313-10981	-0.796767303755	-0.242840660408	0.0522372132382	
1	IRIS_313-10987	0.430156773976	-0.098259892375	0.210061746081	
1	IRIS_313-11013	-0.100404306485	0.0710151972337	-0.0700202906381	
1	IRIS_313-11015	-0.0960689939682	0.0856597394517	-0.0289722990067	
1	IRIS_313-11016	-0.103847528654	0.0685975281043	-0.0684078997355	
1	IRIS_313-11017	-0.0959653178086	0.0961108050925	-0.0380340425894	
1	IRIS_313-11018	-0.0978375316098	0.0895360292514	-0.0351723872119	
1	IRIS_313-11020	-0.948434138938	-0.156230956966	-0.119993383772	
1	IRIS_313-11024	-0.0786214841879	0.158926233653	-0.0564172249718	
1	IRIS_313-11027	-0.0743540108839	0.177342520223	-0.0276308419456	
1	IRIS_313-11054	-1.02704237545	-0.238906654962	-0.244216988095	
1	IRIS_313-11055	-1.03951960952	-0.259938627773	-0.216669580303	
1	IRIS_313-11058	-0.0963978022897	0.0699332676526	-0.075073236121	
1	IRIS_313-11064	-0.98371277786	-0.315613041663	-0.232546225221	
1	IRIS_313-11112	0.307581603274	-0.100498531424	0.239086613335	
1	IRIS_313-11191	-0.00313344491074	0.176903554528	-0.0504261674197	
1	IRIS_313-11214	0.363836752939	-0.0828963210328	0.198597112045	
1	IRIS_313-11265	-0.0959697254019	0.0961072961533	-0.0380309607607	
1	IRIS_313-11272	-0.12675974499	0.0545727482915	-0.00722143790952	
1	IRIS_313-11277	-1.01626472093	-0.257226638775	-0.0954603864037	
1	IRIS_313-11291	-0.0695444121528	0.18386735601	-0.025510437675	
1	IRIS_313-11298	-0.0980304130259	0.0944667574311	-0.0365901095366	
1	IRIS_313-11323	-0.972675806518	-0.3114870501	-0.209522559875	
1	IRIS_313-11324	-0.0941649138786	0.0864780709424	-0.0294300523025	
1	IRIS_313-11454	-0.872940830178	-0.0492216915241	0.116133125525	
1	IRIS_313-11458	-0.776671985168	-0.185806970514	0.00960502424758	
1	IRIS_313-11462	-0.0694197784969	0.183760011462	-0.0255495988689	
1	IRIS_313-11483	-0.0920282311735	0.0915059852593	-0.0393052889494	
1	IRIS_313-11557	-0.0962892154104	0.0853998834291	-0.0301525481321	
1	IRIS_313-11618	-0.830417252453	-0.283642028046	-0.179351942308	
1	IRIS_313-11629	-0.66767373062	0.0246231970055	0.110268397793	
1	IRIS_313-11636	-0.974074239096	-0.192934358452	-0.232382804736	
1	IRIS_313-11742	-0.932821757864	-0.284940670411	-0.218797024502	
1	IRIS_313-11982	-0.160588242554	-0.026802904701	-0.0206587645961	
1	IRIS_313-12002	-0.986054936486	-0.338301897466	-0.208929927384	
1	IRIS_313-12141	-0.134938379168	0.0441267795152	-0.0109203804144	
2	B001	-0.167996719348	-0.0291869368796	-0.0096284244224	
2	B002	-0.158908962979	-0.0211453632882	0.0533550012152	
2	B003	-0.121529123553	-0.000130945872673	0.215612699768	
2	B004	-0.121913202521	-0.00733993292211	0.200240453689	
2	B005	-0.120933724375	-0.000590528099008	0.218332246225	
2	B008	-0.121269391934	-0.000205555657195	0.216618578514	
2	B045	-0.120935241174	-0.000588788503699	0.218324502584	
2	B046	-0.120935241174	-0.000588788503699	0.218324502584	
2	B056	-0.121250224582	-0.00108404458308	0.216634388546	
2	B057	-0.158939611899	-0.020078461968	0.0489259852618	
2	B066	-0.114711307154	0.00128754818421	0.22554120607	
2	B068	-0.120949366386	-0.000754897786287	0.217951865141	
2	B069	-0.122872703574	-0.000516220692655	0.209032093591	
2	B070	-0.11356247589	-0.000449472120714	0.230929076506	
2	B071	-0.125411672956	-0.00144690987522	0.194843538878	
2	B077	-0.164236029938	-0.0198400477162	0.0249246370927	
2	B100	-0.124283330969	0.000467631786261	0.207985938886	
2	B102	-0.112692215251	-0.000271767719399	0.231438547701	
2	B103	-0.16597815143	-0.0327160005664	0.00410957388353	
2	B109	-0.120933724375	-0.000590528099008	0.218332246225	
2	B110	-0.16620157645	-0.0228533567409	0.0158560344173	
2	B111	-0.124411054727	-0.00113617273827	0.195446279043	
2	B122	-0.121269391934	-0.000205555657195	0.216618578514	
2	B134	-0.139215521688	-0.0192105664129	0.13260952412	
2	B136	-0.114697998869	0.00143502374295	0.225879760232	
2	B148	-0.114697998869	0.00143502374295	0.225879760232	
2	B154	-0.138548472712	-0.00244508769995	0.139756509441	
2	B160	-0.120933724375	-0.000590528099008	0.218332246225	
2	B161	-0.149225675707	-0.0234696244145	0.0888104465681	
2	B162	-0.120943048384	-0.000761552072872	0.217982473495	
2	B167	-0.120950944584	-0.000613116466945	0.218254889962	
2	B168	-0.120933724375	-0.000590528099008	0.218332246225	
2	B182	-0.122213086647	-0.000908089679938	0.214359794639	
2	B183	-0.120935241174	-0.000588788503699	0.218324502584	
2	B196	-0.11267724789	-0.000105907137913	0.231819307676	
2	B204	-0.1235105227	-0.00359306330242	0.20460634321	
2	B205	-0.117057796073	-0.00196297966202	0.229900303399	
2	B212	-0.113487602317	0.108705445831	-0.0219020642809	
2	B215	-0.120930328803	-0.000620600231871	0.2183060514	
2	B218	-0.111511601708	4.00487405334e-05	0.23513624637	
2	B223	-0.11479394335	-0.00518703877618	0.218796940506	
2	B225	-0.112690663212	-0.000254568827159	0.231478030559	
2	B226	-0.122448453439	-0.000500173224888	0.212960362702	
2	B228	-0.121511402308	-0.000126517782898	0.215667682599	
2	B230	-0.120934027735	-0.000590180179946	0.218330697497	
2	B235	-0.121269391934	-0.000205555657195	0.216618578514	
2	B236	-0.120935241174	-0.000588788503699	0.218324502584	
2	B240	-0.120933724375	-0.000590528099008	0.218332246225	
2	B241	-0.123070969626	0.0018606486707	0.207421069141	
2	B245	-0.119437254379	0.000737899312763	0.214910356183	
2	B250	-0.121358807219	-0.000103006513748	0.216162090888	
2	B258	-0.121417049675	-0.00184182268099	0.212862261099	
2	B263	-0.120933724375	-0.000590528099008	0.218332246225	
2	B266	-0.139528555921	-0.0323764862947	0.102484171091	
2	B269	-0.121271439613	-0.000203207203528	0.216608124599	
2	CX116	-0.15420055993	-0.0240293986802	0.08183923145	
2	CX129	-0.150532976235	-0.0246011078649	0.098193321297	
2	CX140	-0.120933724375	-0.000590528099008	0.218332246225	
2	CX151	-0.122274325915	-0.00163794764289	0.217957789163	
2	CX212	-0.135720131231	0.00120628697714	0.150951969616	
2	CX248	-0.114714609502	0.00128627078358	0.225537894816	
2	CX306	-0.120933724375	-0.000590528099008	0.218332246225	
2	CX315	0.0420915278973	0.328764562238	-0.0409307779993	
2	CX330	-0.121269391934	-0.000205555657195	0.216618578514	
2	CX383	-0.130352564481	0.00235913396511	0.189632920407	
2	CX396	-0.121269391934	-0.000205555657195	0.216618578514	
2	IRIS_313-7876	-0.114711637111	0.00128780199641	0.225538787738	
2	IRIS_313-7883	-0.122274325915	-0.00163794764289	0.217957789163	
2	IRIS_313-7885	-0.1359752509	-0.0116257967168	0.158245903655	
2	IRIS_313-8140	-0.11905224952	0.000633816622473	0.218787833903	
2	IRIS_313-8162	-0.121269391934	-0.000205555657195	0.216618578514	
2	IRIS_313-8279	-0.119074620468	-0.00288544708657	0.227552829463	
2	IRIS_313-8356	-0.122272070875	-0.00163685451451	0.217964026377	
2	IRIS_313-8381	-0.119055941318	-0.00288077964059	0.227610784339	
2	IRIS_313-8400	-0.11267724789	-0.000105907137913	0.231819307676	
2	IRIS_313-8481	-0.121269391934	-0.000205555657195	0.216618578514	
2	IRIS_313-8486	-0.122107249564	-0.000891495189578	0.214702294703	
2	IRIS_313-8519	-0.122718141611	-0.00269445911677	0.210659967014	
2	IRIS_313-8565	-0.115877060374	0.00114040617526	0.22222154442	
2	IRIS_313-8572	-0.130382659863	-0.013847244483	0.184137795873	
2	IRIS_313-8578	-0.14864481635	-0.0217868904179	0.0929877179228	
2	IRIS_313-8580	-0.121017540115	-0.000910469587115	0.218024952548	
2	IRIS_313-8599	-0.125962834346	-0.00162029315553	0.202630296004	
2	IRIS_313-8626	-0.139212074346	-0.0193539054129	0.132323727345	
2	IRIS_313-8637	-0.122566630533	-0.00101549139501	0.214514310834	
2	IRIS_313-8690	-0.111498293423	0.000187524299281	0.235474800531	
2	IRIS_313-8735	-0.115429646838	-0.00133318566788	0.2315328439	
2	IRIS_313-8815	-0.122109334063	-0.000890682486357	0.214696043862	
2	IRIS_313-8857	-0.122566630533	-0.00101549139501	0.214514310834	
2	IRIS_313-8883	-0.112398550147	-0.00016070930591	0.234572115733	
2	IRIS_313-8884	-0.115092457371	0.00132855142324	0.225718343368	
2	IRIS_313-8894	-0.142245831261	-0.0205274107921	0.129281788112	
2	IRIS_313-8955	-0.13830208688	-0.0188595800997	0.133561379112	
2	IRIS_313-8998	-0.144760165133	-0.0228842291741	0.106068261885	
2	IRIS_313-8999	-0.122107249564	-0.000891495189578	0.214702294703	
2	IRIS_313-9048	-0.122380585109	-0.000965273976026	0.214590442718	
2	IRIS_313-9050	-0.1165428174	-0.00121874736959	0.219524396868	
2	IRIS_313-9081	-0.121269391934	-0.000205555657195	0.216618578514	
2	IRIS_313-9123	-0.115715981314	0.00221808515666	0.218418722424	
2	IRIS_313-9176	-0.138603138029	-0.0196647256929	0.143820437639	
2	IRIS_313-9201	-0.11267724789	-0.000105907137913	0.231819307676	
2	IRIS_313-9228	-0.121285095344	-0.000229883620441	0.216548965892	
2	IRIS_313-9233	-0.121588038423	-0.00212359504357	0.211899095948	
2	IRIS_313-9301	-0.152951740508	-0.0232295653827	0.0882344671346	
2	IRIS_313-9375	-0.120869468564	-0.000823281436443	0.218384401044	
2	IRIS_313-9379	-0.120933724375	-0.000590528099008	0.218332246225	
2	IRIS_313-9405	-0.125970618133	-0.00200100317156	0.20241834893	
2	IRIS_313-9470	-0.139102334233	-0.0192031621227	0.130780468642	
2	IRIS_313-9529	-0.122380585109	-0.000965273976026	0.214590442718	
2	IRIS_313-9558	-0.120941496345	-0.000744353180632	0.218021956353	
2	IRIS_313-9568	-0.126211311685	-0.00467034813326	0.20540842519	
2	IRIS_313-9691	-0.138315395165	-0.0190070556584	0.133222824951	
2	IRIS_313-9698	-0.121269391934	-0.000205555657195	0.216618578514	
2	IRIS_313-9724	-0.12092818806	-0.000596877621885	0.218360510514	
2	IRIS_313-9725	-0.123174855141	-0.00397803574423	0.206320010921	
2	IRIS_313-9769	-0.121285095344	-0.000229883620441	0.216548965892	
2	IRIS_313-9800	-0.112690663212	-0.000254568827159	0.231478030559	
2	IRIS_313-9884	-0.121285095344	-0.000229883620441	0.216548965892	
2	IRIS_313-9886	-0.12092818806	-0.000596877621885	0.218360510514	
2	IRIS_313-9887	-0.120933724375	-0.000590528099008	0.218332246225	
2	IRIS_313-9890	-0.125286495165	0.00136035654377	0.204572046057	
2	IRIS_313-9891	-0.121269391934	-0.000205555657195	0.216618578514	
2	IRIS_313-9974	-0.120933724375	-0.000590528099008	0.218332246225	
2	IRIS_313-9996	-0.121269457926	-0.000205504894754	0.216618094847	
2	IRIS_313-10059	-0.120933724375	-0.000590528099008	0.218332246225	
2	IRIS_313-10067	-0.112690663212	-0.000254568827159	0.231478030559	
2	IRIS_313-10073	-0.112778865058	-0.000153411359959	0.231027737846	
2	IRIS_313-10074	-0.11269579825	-0.00011023638148	0.231759013877	
2	IRIS_313-10078	-0.112690663212	-0.000254568827159	0.231478030559	
2	IRIS_313-10080	-0.115166656779	0.0007107702171	0.224053203975	
2	IRIS_313-10092	-0.12177949589	0.000337137470427	0.214024926169	
2	IRIS_313-10094	-0.112690663212	-0.000254568827159	0.231478030559	
2	IRIS_313-10096	-0.112690663212	-0.000254568827159	0.231478030559	
2	IRIS_313-10097	-0.12092818806	-0.000596877621885	0.218360510514	
2	IRIS_313-10124	-0.122220251897	-0.00106261059968	0.214052602223	
2	IRIS_313-10228	-0.111495623505	0.000188577905675	0.235483881307	
2	IRIS_313-10430	-0.121269391934	-0.000205555657195	0.216618578514	
2	IRIS_313-10437	-0.121269391934	-0.000205555657195	0.216618578514	
2	IRIS_313-10440	-0.111498293423	0.000187524299281	0.235474800531	
2	IRIS_313-10453	-0.112776138896	-0.000131776876958	0.231510092586	
2	IRIS_313-10469	-0.122547237407	-0.000524856833433	0.212653870568	
2	IRIS_313-10559	-0.12092818806	-0.000596877621885	0.218360510514	
2	IRIS_313-10564	-0.120933724375	-0.000590528099008	0.218332246225	
2	IRIS_313-10567	-0.121285095344	-0.000229883620441	0.216548965892	
2	IRIS_313-10568	-0.120933724375	-0.000590528099008	0.218332246225	
2	IRIS_313-10569	-0.13080140408	-0.00260776782984	0.187023185469	
2	IRIS_313-10570	-0.121269391934	-0.000205555657195	0.216618578514	
2	IRIS_313-10577	-0.130365537308	-0.0138429659908	0.184190921176	
2	IRIS_313-10578	-0.116545212163	-0.00121934576011	0.219516966756	
2	IRIS_313-10582	-0.130365537308	-0.0138429659908	0.184190921176	
2	IRIS_313-10631	-0.122296016715	0.00054774621209	0.209139680389	
2	IRIS_313-10642	-0.121269391934	-0.000205555657195	0.216618578514	
2	IRIS_313-10656	-0.114697998869	0.00143502374295	0.225879760232	
2	IRIS_313-10677	-0.12229232373	0.000581312939584	0.209121265727	
2	IRIS_313-10679	-0.116887981745	0.00191803600779	0.214812258917	
2	IRIS_313-10689	-0.156670924399	-0.0192104846875	0.0675168740849	
2	IRIS_313-10693	-0.156684232684	-0.0193579602463	0.0671783199239	
2	IRIS_313-10703	-0.119074620468	-0.00288544708657	0.227552829463	
2	IRIS_313-10704	-0.119055941318	-0.00288077964059	0.227610784339	
2	IRIS_313-10722	-0.143645568102	-0.0210688512426	0.127878276055	
2	IRIS_313-10741	-0.156739837157	-0.0192945371612	0.0668923903431	
2	IRIS_313-10744	-0.150843991227	-0.0252796589574	0.0980897980612	
2	IRIS_313-10759	-0.121870896432	-0.00327839683458	0.214188090052	
2	IRIS_313-10761	-0.156718815695	-0.0193182974732	0.0670017649134	
2	IRIS_313-10765	-0.150843991227	-0.0252796589574	0.0980897980612	
2	IRIS_313-10766	-0.150843991227	-0.0252796589574	0.0980897980612	
2	IRIS_313-10767	-0.150843991227	-0.0252796589574	0.0980897980612	
2	IRIS_313-10770	-0.150843991227	-0.0252796589574	0.0980897980612	
2	IRIS_313-10780	-0.122888878877	-0.00249533542087	0.206727052245	
2	IRIS_313-10781	-0.150597689864	-0.0252181144934	0.0988539851155	
2	IRIS_313-10789	-0.150103329461	-0.0251001900585	0.100376256878	
2	IRIS_313-10793	-0.138315395165	-0.0190070556584	0.133222824951	
2	IRIS_313-10794	-0.114711307154	0.00128754818421	0.22554120607	
2	IRIS_313-10798	-0.145878413926	-0.0219325514855	0.125639408043	
2	IRIS_313-10801	-0.156427946447	-0.0191494343995	0.0682693551669	
2	IRIS_313-10802	-0.150843991227	-0.0252796589574	0.0980897980612	
2	IRIS_313-10805	-0.150843991227	-0.0252796589574	0.0980897980612	
2	IRIS_313-10808	-0.150102812115	-0.0250944570944	0.100389417831	
2	IRIS_313-10815	-0.150843991227	-0.0252796589574	0.0980897980612	
2	IRIS_313-10827	-0.120085541839	-0.00210781725404	0.22014354396	
2	IRIS_313-10828	-0.119740428942	3.08981932785e-05	0.209937598648	
2	IRIS_313-10831	-0.119074620468	-0.00288544708657	0.227552829463	
2	IRIS_313-10837	-0.122067978522	-0.00151354155052	0.207275142453	
2	IRIS_313-10838	-0.124128037533	0.000650404122637	0.208764698245	
2	IRIS_313-10839	-0.120933724375	-0.000590528099008	0.218332246225	
2	IRIS_313-10840	-0.120933724375	-0.000590528099008	0.218332246225	
2	IRIS_313-10848	-0.122370312097	3.5080442943e-05	0.210969766693	
2	IRIS_313-10853	-0.114697998869	0.00143502374295	0.225879760232	
2	IRIS_313-10862	-0.115341809456	-0.00569935352196	0.209501635407	
2	IRIS_313-10865	-0.133272965093	-0.0176029301088	0.149164986534	
2	IRIS_313-10866	-0.133272965093	-0.0176029301088	0.149164986534	
2	IRIS_313-10867	-0.115418702758	0.00125493811891	0.223643667922	
2	IRIS_313-10870	-0.120942819972	-0.000756315296268	0.217981067579	
2	IRIS_313-10874	0.0736804733883	0.32089053544	-0.00669517945983	
2	IRIS_313-10884	-0.111498293423	0.000187524299281	0.235474800531	
2	IRIS_313-10886	-0.0366065717637	0.178259615733	-0.0129483064247	
2	IRIS_313-10888	-0.115877060374	0.00114040617526	0.22222154442	
2	IRIS_313-10889	0.0659963513694	0.314192351319	-0.0043303216667	
2	IRIS_313-10890	-0.114697998869	0.00143502374295	0.225879760232	
2	IRIS_313-10893	-0.114845656611	-0.000201243280839	0.222123442817	
2	IRIS_313-10895	0.0567027948506	0.305771151149	-0.0236992295401	
2	IRIS_313-10916	-0.130365537308	-0.0138429659908	0.184190921176	
2	IRIS_313-10922	-0.114697998869	0.00143502374295	0.225879760232	
2	IRIS_313-10923	-0.114774366451	0.00153649003664	0.225469982036	
2	IRIS_313-10946	-0.118239540495	-0.00672123276037	0.208938620901	
2	IRIS_313-10949	-0.12542699986	-0.000408784815637	0.208503783454	
2	IRIS_313-10959	-0.152297384559	-0.0251041018341	0.0934008881635	
2	IRIS_313-10960	-0.131426993013	-0.00465582589188	0.179735425755	
2	IRIS_313-10994	-0.150843991227	-0.0252796589574	0.0980897980612	
2	IRIS_313-10999	-0.158188784509	-0.0198229512733	0.0684504569895	
2	IRIS_313-11007	-0.150838670777	-0.025277600923	0.0980951328603	
2	IRIS_313-11008	-0.157020344438	-0.0271308448655	0.0836155334781	
2	IRIS_313-11009	-0.122274325915	-0.00163794764289	0.217957789163	
2	IRIS_313-11044	-0.145545890762	-0.0230817273146	0.103632100489	
2	IRIS_313-11045	-0.138315395165	-0.0190070556584	0.133222824951	
2	IRIS_313-11073	-0.115877060374	0.00114040617526	0.22222154442	
2	IRIS_313-11075	-0.114849153157	-0.000239990210483	0.22203449293	
2	IRIS_313-11077	-0.113574492767	-0.000454120439675	0.230917027218	
2	IRIS_313-11094	-0.115877060374	0.00114040617526	0.22222154442	
2	IRIS_313-11183	-0.138315395165	-0.0190070556584	0.133222824951	
2	IRIS_313-11311	-0.125970618133	-0.00200100317156	0.20241834893	
2	IRIS_313-11328	-0.13830208688	-0.0188595800997	0.133561379112	
2	IRIS_313-11329	-0.138315395165	-0.0190070556584	0.133222824951	
2	IRIS_313-11337	-0.11695243792	-0.00209995946101	0.213528970766	
2	IRIS_313-11464	-0.12398055885	-0.00510589402354	0.207800172603	
2	IRIS_313-11473	-0.130365537308	-0.0138429659908	0.184190921176	
2	IRIS_313-11494	-0.123358532008	-0.00380143675278	0.187108234762	
2	IRIS_313-11495	-0.132062402508	-0.00932284450178	0.160928132843	
2	IRIS_313-11496	-0.15200035029	-0.0234318647327	0.0895896522593	
2	IRIS_313-11511	-0.121745123817	-0.00184427267303	0.219544721317	
2	IRIS_313-11522	-0.126711452376	-0.00234741430153	0.195004741167	
2	IRIS_313-11571	-0.120988325096	-0.00126328527408	0.216830663226	
2	IRIS_313-11574	-0.120941496345	-0.000744353180632	0.218021956353	
2	IRIS_313-11575	-0.111498293423	0.000187524299281	0.235474800531	
2	IRIS_313-11582	-0.154325927375	-0.02277371453	0.0830481391538	
2	IRIS_313-11611	-0.138315395165	-0.0190070556584	0.133222824951	
2	IRIS_313-11623	-0.114697998869	0.00143502374295	0.225879760232	
2	IRIS_313-11651	-0.121269391934	-0.000205555657195	0.216618578514	
2	IRIS_313-11652	-0.120943048384	-0.000761552072872	0.217982473495	
2	IRIS_313-11653	-0.112677354927	-0.000107093268412	0.23181658472	
2	IRIS_313-11654	-0.164672191037	-0.0221471492347	0.0180273062576	
2	IRIS_313-11655	-0.111511731989	4.00995344846e-05	0.235135855693	
2	IRIS_313-11661	-0.121285095344	-0.000229883620441	0.216548965892	
2	IRIS_313-11672	-0.121269391934	-0.000205555657195	0.216618578514	
2	IRIS_313-11673	-0.122274325915	-0.00163794764289	0.217957789163	
2	IRIS_313-11689	-0.121269391934	-0.000205555657195	0.216618578514	
2	IRIS_313-11691	-0.122107249564	-0.000891495189578	0.214702294703	
2	IRIS_313-11736	-0.114714609502	0.00128627078358	0.225537894816	
2	IRIS_313-11788	-0.121198040995	-0.0022361966232	0.205379873503	
2	IRIS_313-11800	-0.121269391934	-0.000205555657195	0.216618578514	
2	IRIS_313-11829	-0.121285095344	-0.000229883620441	0.216548965892	
2	IRIS_313-11831	-0.149769976793	-0.0232394666457	0.0890813998699	
2	IRIS_313-11832	-0.115568635524	-0.000381897375866	0.219880291901	
2	IRIS_313-11834	-0.114696241067	0.00143684338652	0.225883629088	
2	IRIS_313-11846	-0.155360925296	-0.0335021610268	0.0386311986601	
2	IRIS_313-11851	-0.130365537308	-0.0138429659908	0.184190921176	
2	IRIS_313-11875	-0.121269391934	-0.000205555657195	0.216618578514	
2	IRIS_313-11892	-0.115157379838	0.00131102753753	0.225691776363	
2	IRIS_313-11897	-0.112677354927	-0.000107093268412	0.23181658472	
2	IRIS_313-11900	-0.115877060374	0.00114040617526	0.22222154442	
2	IRIS_313-11908	-0.111498293423	0.000187524299281	0.235474800531	
2	IRIS_313-11913	-0.111511601708	4.00487405334e-05	0.23513624637	
2	IRIS_313-11922	-0.115714116808	0.0022167941325	0.218433231172	
2	IRIS_313-11924	-0.114679319719	0.00143969118893	0.225937715108	
2	IRIS_313-11928	-0.153118231546	-0.0261556679331	0.095714087359	
2	IRIS_313-11929	-0.111514904056	3.8771339903e-05	0.235132935116	
2	IRIS_313-11971	-0.121870896432	-0.00327839683458	0.214188090052	
2	IRIS_313-11973	-0.120933724375	-0.000590528099008	0.218332246225	
2	IRIS_313-11984	-0.111511601708	4.00487405334e-05	0.23513624637	
2	IRIS_313-11994	-0.111515171648	3.58060136548e-05	0.235126127726	
2	IRIS_313-11995	-0.120470425737	-0.00273667251724	0.215592337943	
2	IRIS_313-12003	-0.153712962117	-0.0273206834831	0.0723060915461	
2	IRIS_313-12006	-0.155028270904	-0.0245001633338	0.0850731731267	
2	IRIS_313-12045	-0.13830208688	-0.0188595800997	0.133561379112	
2	IRIS_313-12051	-0.114701368888	0.00129003150482	0.225572041037	
2	IRIS_313-12059	-0.121269391934	-0.000205555657195	0.216618578514	
2	IRIS_313-12060	-0.121269391934	-0.000205555657195	0.216618578514	
2	IRIS_313-12061	-0.121269391934	-0.000205555657195	0.216618578514	
2	IRIS_313-12068	-0.116540723495	-0.00121660125039	0.219532638948	
2	IRIS_313-12070	-0.120872102803	-0.000823939666005	0.21837622792	
2	IRIS_313-12071	-0.115877060374	0.00114040617526	0.22222154442	
2	IRIS_313-12108	-0.13830208688	-0.0188595800997	0.133561379112	
2	IRIS_313-12129	-0.115877060374	0.00114040617526	0.22222154442	
2	IRIS_313-12134	-0.114697998869	0.00143502374295	0.225879760232	
2	IRIS_313-12144	-0.156729684799	-0.0193700905001	0.0670357039912	
2	IRIS_313-12164	-0.138298829851	-0.0188608499485	0.13357114605	
2	IRIS_313-12200	-0.115877060374	0.00114040617526	0.22222154442	
2	IRIS_313-12217	-0.121420546222	-0.00188056961063	0.212773311212	
2	IRIS_313-12226	-0.114679319719	0.00143969118893	0.225937715108	
2	IRIS_313-12227	-0.115670418535	0.00255027829536	0.220915312108	
2	IRIS_313-12228	-0.115428821251	-0.00133286631772	0.231533671713	
2	IRIS_313-12242	-0.112828866006	-0.00178606099018	0.2279622409	
2	IRIS_313-12252	-0.114697998869	0.00143502374295	0.225879760232	
2	IRIS_313-12258	-0.115877060374	0.00114040617526	0.22222154442	
2	IRIS_313-12262	-0.114697998869	0.00143502374295	0.225879760232	
2	IRIS_313-12265	-0.115877060374	0.00114040617526	0.22222154442	
2	IRIS_313-12272	-0.122255646764	-0.00163328019692	0.218015744039	
2	IRIS_313-12285	-0.138315395165	-0.0190070556584	0.133222824951	
2	IRIS_313-12289	-0.129124323618	0.00264629083356	0.183303375351	
2	IRIS_313-12299	-0.115877060374	0.00114040617526	0.22222154442	
2	IRIS_313-12307	-0.115877060374	0.00114040617526	0.22222154442	
2	IRIS_313-12312	-0.114697998869	0.00143502374295	0.225879760232	
2	IRIS_313-12313	-0.114697998869	0.00143502374295	0.225879760232	
2	IRIS_313-12321	-0.114697998869	0.00143502374295	0.225879760232	
2	IRIS_313-12322	-0.115877060374	0.00114040617526	0.22222154442	
2	IRIS_313-12323	-0.114697998869	0.00143502374295	0.225879760232	
2	IRIS_313-12330	-0.115877060374	0.00114040617526	0.22222154442	
2	IRIS_313-12336	-0.114697998869	0.00143502374295	0.225879760232	
2	IRIS_313-12337	-0.114697998869	0.00143502374295	0.225879760232	
2	IRIS_313-12340	-0.114679319719	0.00143969118893	0.225937715108	
2	IRIS_313-12341	-0.112677354927	-0.000107093268412	0.23181658472	
2	IRIS_313-12342	-0.115877060374	0.00114040617526	0.22222154442	
2	IRIS_313-12346	-0.115877060374	0.00114040617526	0.22222154442	
2	IRIS_313-12348	-0.114697998869	0.00143502374295	0.225879760232	
2	IRIS_313-12349	-0.115877060374	0.00114040617526	0.22222154442	
2	IRIS_313-12350	-0.114697998869	0.00143502374295	0.225879760232	
2	IRIS_313-12351	-0.11788378118	0.00192278540697	0.216203938323	
2	IRIS_313-12352	-0.114697998869	0.00143502374295	0.225879760232	
2	IRIS_313-12353	-0.111498293423	0.000187524299281	0.235474800531	
2	IRIS_313-15904	-0.121913202521	-0.00733993292211	0.200240453689	
