G0	G1	G2	G3	G4	G5	G6	G7	G8	
0.714228229508	0.624904285714	0.460799285714	0.0460553333333	0.383370952381	0.467809565217	0.66259	0.590254411765	0.3367475	
0.425191245902	0.438171428571	0.460799285714	0.308597333333	0.294422857143	0.42907173913	0.5675375	0.413277941176	0.33318375	
0.189288491803	0.495732857143	0.361985	0.045072	0.424082857143	0.449557391304	0.2764225	0.444055882353	0.35743875	
0.413711672131	0.487667142857	0.460537857143	0.183344	0.325378571429	0.379158695652	0.5648275	0.436688529412	0.29978625	
0.690411409836	0.622294285714	0.460799285714	0.10054	0.4103	0.467809565217	0.6656525	0.574502058824	0.3367475	
0.474189016393	0.624598571429	0.426760714286	0.055856	0.408066666667	0.460814782609	0.4938875	0.569269705882	0.33895	
0.68285895082	0.623462857143	0.436384285714	0.240102666667	0.353774285714	0.378947391304	0.6076675	0.578532941176	0.3472425	
0.705543868852	0.627235714286	0.482548571429	0.240102666667	0.372159047619	0.37798173913	0.604605	0.582290588235	0.3563875	
0.698771901639	0.627235714286	0.482548571429	0.240102666667	0.372845714286	0.379131304348	0.60640375	0.585635588235	0.3563875	
0.714899868852	0.592927142857	0.460799285714	0.0460553333333	0.399853809524	0.468057391304	0.60746	0.593140588235	0.3367475	
0.689058655738	0.523808571429	0.460575714286	0.0718493333333	0.399853809524	0.393343043478	0.6656525	0.571738529412	0.293895	
0.432567180328	0.456142857143	0.460799285714	0.309325333333	0.294827619048	0.42056173913	0.56925	0.416925294118	0.33318375	
0.717015180328	0.627065714286	0.460799285714	0.0458226666667	0.398052380952	0.448943478261	0.6627875	0.588397352941	0.3367475	
0.68584495082	0.533674285714	0.460799285714	0.0460553333333	0.387637619048	0.459670434783	0.65314125	0.592886470588	0.332145	
0.682847770492	0.533778571429	0.485537142857	0.0718493333333	0.38352952381	0.338544782609	0.6203925	0.576529705882	0.3105175	
0.646753278689	0.574492857143	0.459091428571	0.283685333333	0.388083809524	0.411997826087	0.64952625	0.564201176471	0.29611	
0.718775180328	0.62446	0.460799285714	0.0460553333333	0.393340952381	0.468804782609	0.66259	0.591171176471	0.3367475	
0.686289901639	0.627167142857	0.460782857143	0.10054	0.40976952381	0.469151304348	0.64821875	0.593867647059	0.3367475	
0.027560557377	0.653428571429	0.452112857143	0.0630813333333	0.38161047619	0.45275826087	0.07766125	0.531783823529	0.2713425	
0.711364098361	0.62446	0.460799285714	0.0460553333333	0.398653809524	0.468587826087	0.66259	0.591171176471	0.33229375	
0.694638065574	0.627065714286	0.481043571429	0.240102666667	0.371557619048	0.378947391304	0.6076675	0.581158235294	0.3563875	
0.208795836066	0.603487142857	0.360058571429	0.046564	0.454081428571	0.485572173913	0.318375	0.47686	0.30138625	
0.717569540984	0.627235714286	0.460799285714	0.0460553333333	0.399828095238	0.467627391304	0.6656275	0.593140588235	0.3367475	
0.715740918033	0.627235714286	0.460799285714	0.0460553333333	0.399410952381	0.468057391304	0.6656525	0.593140588235	0.27571375	
0.718604032787	0.627235714286	0.460799285714	0.0460553333333	0.399853809524	0.468013043478	0.6655375	0.593625294118	0.3367475	
0.678022655738	0.635667142857	0.460799285714	0.0768753333333	0.407603809524	0.461135217391	0.6625475	0.567407647059	0.27144	
0.71773295082	0.619671428571	0.460759285714	0.0460553333333	0.391085238095	0.467809565217	0.66497625	0.589781470588	0.3367475	
0.720237213115	0.62446	0.46082	0.0460553333333	0.398653809524	0.468804782609	0.66259	0.590254411765	0.3367475	
0.684553934426	0.533717142857	0.485537142857	0.0718493333333	0.383606190476	0.338544782609	0.61788875	0.575825882353	0.3108475	
0.686270688525	0.533778571429	0.4855	0.0718493333333	0.383606190476	0.338544782609	0.6204575	0.576431764706	0.31085	
0.693806754098	0.627235714286	0.481914285714	0.0460553333333	0.383606190476	0.41706826087	0.61637375	0.578540588235	0.3563875	
0.63547642623	0.584404285714	0.460799285714	0.247914666667	0.352503333333	0.430474782609	0.50665375	0.570803235294	0.3367475	
0.709666852459	0.627235714286	0.460799285714	0.0460553333333	0.399826666667	0.466647391304	0.663215	0.574540882353	0.3367475	
0.716656032787	0.61686	0.46082	0.0460553333333	0.391294761905	0.468955652174	0.6656525	0.583982058824	0.33674625	
0.703107934426	0.626634285714	0.460799285714	0.0460553333333	0.394711904762	0.468804782609	0.66259	0.588754705882	0.3367475	
0.712841803279	0.555817142857	0.460799285714	0.0460553333333	0.399833333333	0.467766086957	0.66016	0.568371764706	0.3367475	
0.695633540984	0.628952857143	0.481855714286	0.240102666667	0.371517619048	0.378713043478	0.604605	0.582275294118	0.3563875	
0.717705442623	0.62446	0.460799285714	0.0460553333333	0.383754761905	0.467766086957	0.6656525	0.592285882353	0.3367475	
0.642702688525	0.526485714286	0.481043571429	0.219841333333	0.372491428571	0.297870434783	0.6076675	0.559225	0.31071375	
0.720588098361	0.62485	0.460799285714	0.0460553333333	0.384040952381	0.467809565217	0.61258375	0.592440882353	0.3367475	
0.432488754098	0.560218571429	0.463269285714	0.225207333333	0.389694761905	0.34920173913	0.51575375	0.531691470588	0.36235125	
0.694990885246	0.627235714286	0.388362857143	0.0460553333333	0.334677619048	0.368395652174	0.66564125	0.571703823529	0.341935	
0.712670131148	0.62446	0.460799285714	0.0460553333333	0.398653809524	0.468804782609	0.660085	0.590168823529	0.3367475	
0.0716608196721	0.209335714286	0.0635885714286	0.0310146666667	0.100624285714	0.192961304348	0.16111	0.158915	0.2206775	
0.195291213115	0.299618571429	0.0991064285714	0.228304666667	0.0810804761905	0.146956086957	0.34759125	0.127670588235	0.1970525	
0.670203278689	0.619874285714	0.481043571429	0.161034	0.365416666667	0.378947391304	0.6076675	0.581910882353	0.3563875	
0.692833016393	0.627065714286	0.481043571429	0.240102666667	0.371557619048	0.378947391304	0.6076675	0.582290588235	0.3563875	
0.461045836066	0.561044285714	0.484779285714	0.225658	0.414565714286	0.363422173913	0.447765	0.528364117647	0.38320875	
0.0	0.0	0.0	0.002468	0.0	0.0	0.0	0.0	0.29387625	
0.66412052459	0.571688571429	0.460661428571	0.089638	0.415136666667	0.464317391304	0.647225	0.540990294118	0.2903	
0.190111704918	0.604801428571	0.360412857143	0.159989333333	0.407841428571	0.424755217391	0.2696125	0.474603529412	0.3187425	
0.717405770492	0.627235714286	0.460799285714	0.0460553333333	0.400635714286	0.468855652174	0.6656525	0.596575882353	0.33930625	
0.68151252459	0.633958571429	0.460799285714	0.089638	0.399853809524	0.461135217391	0.66268	0.566599117647	0.293425	
0.165057377049	0.411652857143	0.371197857143	0.206072	0.407868571429	0.325772173913	0.319835	0.426728823529	0.22669	
0.71534747541	0.62446	0.460799285714	0.0460553333333	0.398653809524	0.468809130435	0.66259	0.590254411765	0.3367475	
0.702627245902	0.62446	0.460799285714	0.240102666667	0.386104285714	0.43048173913	0.6498	0.590182941176	0.3367475	
0.71893852459	0.634405714286	0.460799285714	0.0460553333333	0.406435238095	0.468804782609	0.66259	0.590217941176	0.3367475	
0.699670098361	0.626657142857	0.468182857143	0.0460553333333	0.385164285714	0.415510869565	0.6204575	0.588298529412	0.34564375	
0.711573737705	0.62446	0.460799285714	0.0460553333333	0.390009047619	0.468804782609	0.66259	0.589781764706	0.3367475	
0.704956	0.628908571429	0.460546428571	0.0460553333333	0.399003333333	0.470669130435	0.66129375	0.597587058824	0.3394325	
0.690779606557	0.627065714286	0.483187857143	0.240102666667	0.365521904762	0.377580869565	0.60699125	0.579494411765	0.3517575	
0.683808196721	0.627235714286	0.460791428571	0.07064	0.369394285714	0.421927391304	0.54025625	0.593140588235	0.3367475	
0.0	0.0	0.0	0.0	0.0	0.0	0.0	0.0	0.47256625	
0.000450754098361	0.00177	0.00258642857143	0.0	0.000170952380952	0.00164565217391	0.0051825	0.000346470588235	0.00012875	
0.0	0.0	0.0	0.0	0.0	0.0	0.0	0.0	0.73028	
0.0	0.0	0.0	0.0549646666667	0.0	0.0	0.0	0.0	0.754365	
0.000103573770492	0.000131428571429	0.00177071428571	2.13333333333e-05	0.0	0.000377391304348	0.00121125	0.000196176470588	7.75e-05	
0.0	0.0	0.0	0.0	0.0	0.0	0.0	0.0	0.24638875	
0.000121606557377	0.00011	0.00151785714286	0.00194533333333	0.0	0.000591739130435	0.00044125	0.000289411764706	0.00013375	
0.00309268852459	0.0	0.155795	0.043548	0.0	0.108211304348	0.3298775	0.0149844117647	0.0257975	
0.0	0.619835714286	0.301834285714	0.051546	0.676608571429	0.686076956522	0.0	0.567163235294	0.405065	
8.85245901639e-07	0.0167285714286	0.00192714285714	0.00199266666667	0.000730476190476	0.00210086956522	0.00161625	0.000565882352941	0.000105	
0.00765039344262	0.0	0.166166428571	0.0929673333333	0.0	0.117836956522	0.3818525	0.0149617647059	0.03190625	
0.699514721311	0.585015714286	0.457355714286	0.0460553333333	0.384412857143	0.468057391304	0.6656525	0.585215588235	0.3367475	
0.00656619672131	0.172361428571	0.614107142857	0.0664573333333	0.0	0.456105217391	0.54041125	0.0175611764706	0.23492625	
0.572226491803	0.571688571429	0.437917142857	0.0649253333333	0.303444761905	0.29912	0.51419875	0.460335588235	0.2540625	
0.000527049180328	0.201022857143	0.149378571429	0.0463226666667	0.157515714286	0.284226086957	0.0	0.0863817647059	0.165845	
0.67148157377	0.533094285714	0.466382142857	0.259836	0.316672380952	0.234596956522	0.56386375	0.577824411765	0.3969925	
0.0	0.0	0.0	0.0	0.0	0.0	0.0	0.0	0.73593375	
0.0	0.0	0.0	0.0549646666667	0.0	0.0	0.0	0.0	0.754345	
0.00464370491803	0.0	0.173783571429	0.143104666667	0.0	0.124388695652	0.40101375	0.0159126470588	0.03527125	
0.0	0.0	0.0	0.0162273333333	0.0	0.0	0.0	0.0	0.32413375	
0.0	0.0	0.0	0.0	0.0	0.0	0.0	0.0	0.46809125	
0.00060206557377	0.285612857143	0.539298571429	0.0391326666667	0.0	0.414833478261	0.69393625	0.0175558823529	0.2368025	
0.00935009836066	0.0450285714286	0.0694771428571	0.0788633333333	0.0	0.119294347826	0.16282875	0.0	0.0324375	
0.679837508197	0.613698571429	0.460799285714	0.0460553333333	0.398653809524	0.464935217391	0.648215	0.581033823529	0.3367475	
0.0	8e-05	0.00566285714286	0.0	0.00145904761905	0.00261565217391	0.000325	0.000895294117647	0.00071125	
0.00504190163934	0.30133	0.655701428571	0.0646566666667	0.348639047619	0.326612173913	5.375e-05	0.473626470588	0.37711375	
0.0	0.0	0.000808571428571	0.0	0.0	0.000408260869565	0.0003825	0.0	4.625e-05	
0.0102140983607	0.0450285714286	0.0694771428571	0.0788633333333	0.0	0.119294347826	0.16282875	0.0	0.0324375	
4.49508196721e-05	0.0	0.00147142857143	0.0	0.0	0.00023	0.00065	3.02941176471e-05	8.75e-05	
0.0	0.713421428571	0.465601428571	0.051546	0.696837619048	0.684552608696	0.0	0.605408529412	0.405135	
0.482284098361	0.298181428571	0.323141428571	0.095056	0.369704761905	0.339996086957	0.41487125	0.459720294118	0.32723625	
0.0	0.49253	0.218826428571	0.02627	0.0	0.470204782609	0.53838125	0.0	0.19328875	
0.378137508197	0.551297142857	0.426622857143	0.196968666667	0.38583	0.421323913043	0.50902875	0.471218235294	0.32403625	
0.0	0.0	0.0	1.33333333333e-06	0.0	5.82608695652e-05	0.0	0.000237647058824	0.47375625	
0.0	0.0	0.0	0.0	0.0	0.0	0.0	0.0	0.73590625	
0.00202252459016	0.6937	0.299351428571	0.0487486666667	0.57996952381	0.446443478261	0.0	0.507401176471	0.35722625	
0.00921790163934	0.0447457142857	0.0712507142857	0.080648	0.0	0.122127391304	0.165915	0.0	0.03455625	
0.0115780655738	0.0464628571429	0.172675	0.07972	0.0	0.105546086957	0.316405	0.0159414705882	0.03539375	
0.0	0.0	0.0	0.00246866666667	0.0	0.00473391304348	0.0	0.0	0.2164125	
0.0	0.0	0.0	0.00246866666667	0.0	0.00473391304348	0.0	0.0	0.23410625	
2.62295081967e-07	0.0	0.0	0.0	0.0	5.30434782609e-05	0.0	0.0	0.00046625	
0.0	0.0	0.0	0.00246866666667	0.0	0.00473391304348	0.0	0.0	0.23501	
0.00138557377049	0.155348571429	0.331789285714	0.0391326666667	0.0	0.567113913043	0.48815375	0.0175611764706	0.28651125	
0.0	0.00021	0.00549	6.66666666667e-07	0.00146238095238	0.00153260869565	0.00029625	0.000990588235294	0.000765	
0.0	0.0	0.0	0.000466666666667	0.0	0.0	0.0	0.0	0.32413375	
0.0	0.0	0.0	0.0162273333333	0.0	0.0	0.0	0.0	0.71324	
0.0	0.0	0.0	0.0162273333333	0.0	0.0	0.0	0.0	0.32413375	
0.0	0.0	0.0	0.0162273333333	0.0	0.0	0.0	0.0	0.32268	
0.0	0.000212857142857	0.00366357142857	0.0	0.00116333333333	0.00265826086957	0.000315	0.00125205882353	0.0008175	
0.00985380327869	0.30133	0.655699285714	0.0936673333333	0.349202857143	0.35089173913	0.0609325	0.454897058824	0.3725675	
0.000144885245902	0.000361428571429	0.00116357142857	0.0	0.000487142857143	0.00134173913043	0.00117875	0.000531764705882	0.00013	
0.00390954098361	0.0927457142857	0.150022142857	0.02548	0.0	0.399662173913	0.36544	0.0	0.18856125	
0.0107397377049	0.3268	0.655698571429	0.0530973333333	0.37393	0.345696521739	0.0609325	0.471362058824	0.37873625	
0.00648354098361	0.0	0.174441428571	0.143476666667	0.0	0.124900434783	0.40098625	0.0159414705882	0.03539375	
0.0	0.0	0.0	0.0549646666667	0.0	0.0	0.0	0.0	0.473975	
0.00647901639344	0.0	0.174447857143	0.143476666667	0.0	0.124900434783	0.40098625	0.0159414705882	0.03539375	
0.0	0.0	0.0	0.0549646666667	0.0	0.0	0.0	0.0	0.52676125	
0.00623059016393	0.0438257142857	0.0536328571429	0.0207286666667	0.0	0.0876308695652	0.12701875	0.00251147058824	0.02054875	
0.0062437704918	0.0	0.163803571429	0.134772666667	0.0	0.118466086957	0.40324125	0.0152435294118	0.02907625	
0.00536003278689	0.0	0.137585714286	0.08058	0.0	0.10033826087	0.38874	0.0130014705882	0.017395	
0.00648796721311	0.0	0.173851428571	0.143104666667	0.0	0.124433043478	0.40101375	0.0159126470588	0.03527125	
0.00648154098361	0.0	0.174447857143	0.143476666667	0.0	0.124900434783	0.40153875	0.0159414705882	0.03539375	
0.0	0.0	0.0	0.0549646666667	0.0	0.0	0.0	0.0	0.73597375	
0.00648354098361	0.0	0.172803571429	0.143476666667	0.0	0.124900434783	0.40098625	0.0159414705882	0.03539375	
0.0	0.0	0.0	0.0549646666667	0.0	0.0	0.0	0.0	0.73597375	
0.00656659016393	0.0	0.174447857143	0.143476666667	0.0	0.124894347826	0.40098625	0.0159414705882	0.03539375	
0.00656659016393	0.0	0.172803571429	0.143476666667	0.0	0.109753043478	0.40098625	0.0159414705882	0.03539375	
0.00648354098361	0.0	0.174447857143	0.143476666667	0.0	0.125265652174	0.40098625	0.0159414705882	0.03539375	
0.00142950819672	0.0	0.0562092857143	0.0771833333333	0.0	0.0483673913043	0.2423675	0.00715970588235	0.0035575	
0.0	7.14285714286e-06	0.00547714285714	0.0	0.000820476190476	0.000658695652174	0.00032375	0.000415	0.00026625	
0.0	0.0	0.0	0.0162273333333	0.0	0.0	0.0	0.0	0.331835	
0.000616	0.588334285714	0.0463492857143	0.100626	0.237102857143	0.222286956522	6.125e-05	0.270003235294	0.24356	
0.0	0.0	0.0	0.0162273333333	0.0	0.0	0.0	0.0	0.30494125	
0.257608	0.372905714286	0.0816957142857	0.093042	0.11233952381	0.13933826087	0.36272	0.236505588235	0.2048775	
0.664823278689	0.477054285714	0.460799285714	0.0822126666667	0.398780952381	0.443677826087	0.6570925	0.556587941176	0.33318375	
0.0	0.0	0.0	0.00246866666667	0.0	0.00473391304348	0.0	0.0	0.23548625	
0.204391540984	0.585195714286	0.409077142857	0.0678113333333	0.366164285714	0.457043913043	0.3606775	0.362195	0.29857875	
0.692393770492	0.560485714286	0.460809285714	0.10054	0.415487142857	0.469096521739	0.6656525	0.592437647059	0.32321	
0.0	0.000254285714286	0.000402142857143	6.66666666667e-07	0.000145238095238	0.000524782608696	0.00018875	0.000665588235294	0.00024	
0.202927540984	0.616132857143	0.325691428571	0.046564	0.41614	0.363976086957	0.2950975	0.453769705882	0.3177325	
0.302334393443	0.483627142857	0.176777857143	0.38776	0.370593809524	0.343669565217	0.48865625	0.363958823529	0.298915	
0.00442744262295	0.607458571429	0.436115	0.0763813333333	0.480877142857	0.514925652174	0.00158375	0.380690588235	0.32431625	
0.000101901639344	0.117837142857	0.00111214285714	0.025834	0.00104523809524	0.00410652173913	0.0016125	0.00211911764706	0.00155125	
0.00401403278689	0.195488571429	0.614107142857	0.0829553333333	0.0	0.453896521739	0.58696125	0.00101911764706	0.1904375	
8.23278688525e-05	0.00176285714286	0.00446642857143	0.0202513333333	1.33333333333e-05	0.00202434782609	0.02107875	0.000219705882353	0.00264	
0.0172258032787	0.212277142857	0.414305	0.119474	0.408647142857	0.354861304348	0.0064675	0.287982352941	0.23225	
8.19672131148e-06	0.0	0.0390071428571	0.003686	0.0	0.0302730434783	0.28223125	0.00829970588235	0.00033625	
0.395418655738	0.375412857143	0.483737142857	0.349819333333	0.33946	0.37476173913	0.47339	0.446802352941	0.2630375	
0.000852918032787	0.0661085714286	0.00197428571429	0.044778	0.000257142857143	0.000984782608696	0.00125375	0.0004	0.0001825	
0.0	0.0	0.0	0.0549646666667	0.0	0.0	0.0	0.0	0.754365	
0.656500360656	0.473042857143	0.4855	0.0497086666667	0.383606190476	0.393237391304	0.6204575	0.562213235294	0.313065	
0.0222470163934	0.585484285714	0.213550714286	0.200692666667	0.283721428571	0.300087826087	0.06285	0.336636176471	0.2775175	
0.00222708196721	0.223265714286	0.00385857142857	0.048408	0.0433761904762	0.045262173913	0.00236875	0.0576611764706	0.010105	
0.357036360656	0.258154285714	0.33557	0.248093333333	0.271724285714	0.345878695652	0.23150375	0.375899705882	0.4005725	
0.00206508196721	0.547087142857	0.212436428571	0.055822	0.668815238095	0.628863478261	0.0	0.570348529412	0.47139875	
0.00369121311475	0.491907142857	0.448165	0.032064	0.0	0.584912173913	0.67989125	0.0	0.2593325	
0.550788098361	0.633907142857	0.0513635714286	0.0694866666667	0.249780952381	0.213126521739	0.3204775	0.345818823529	0.19675	
0.000125573770492	0.434874285714	0.331789285714	0.0320873333333	0.0	0.61584173913	0.53287	0.0175611764706	0.28651125	
0.00625652459016	0.0	0.164181428571	0.135171333333	0.0	0.118766521739	0.40350125	0.0152673529412	0.0293275	
0.701269377049	0.627235714286	0.481043571429	0.240102666667	0.38737047619	0.378947391304	0.6076675	0.588480294118	0.3563875	
0.0116616065574	0.0464542857143	0.174407142857	0.171450666667	0.0	0.148211304348	0.3651575	0.0	0.03538875	
0.0	0.708221428571	0.658187857143	0.0515313333333	0.702268571429	0.739063478261	0.0	0.676702941176	0.54203125	
0.00077862295082	0.6937	0.363776428571	0.026714	0.687254285714	0.737000869565	0.0	0.647135588235	0.54305875	
0.0	0.0151085714286	0.067845	0.0203213333333	0.0	0.298329565217	0.2834475	0.0	0.13702375	
0.00648354098361	0.0	0.174447857143	0.143476666667	0.0	0.124900434783	0.40098625	0.0159414705882	0.03539375	
0.0058106557377	0.593818571429	0.250967142857	0.100610666667	0.430137619048	0.456190434783	2.5e-06	0.487160588235	0.36660375	
0.00646062295082	0.0	0.167282142857	0.137023333333	0.0	0.10896826087	0.383265	0.0150323529412	0.0324375	
0.0	0.438224285714	0.118775	0.0116546666667	0.290255238095	0.37234173913	0.0	0.303097941176	0.33287875	
0.0	0.750535714286	0.363776428571	0.026714	0.687495714286	0.746963043478	0.0	0.633503235294	0.52692	
0.00314298360656	0.227605714286	0.230032142857	6.66666666667e-07	0.0	0.341328695652	0.14594125	0.0111038235294	0.05820875	
0.0	0.0349685714286	0.644535714286	0.0391326666667	0.0	0.620583913043	0.67122875	0.0	0.31517875	
0.0	0.0349685714286	0.687801428571	0.0391326666667	0.0	0.621163478261	0.67122875	0.0	0.31819	
0.0	0.577591428571	0.507803571429	0.02627	0.0	0.437091304348	0.74908125	0.0	0.10771	
0.000125573770492	0.445371428571	0.491637857143	0.0320873333333	0.0	0.613945652174	0.71488375	0.0175611764706	0.28651125	
0.0	0.0349685714286	0.687801428571	0.0391326666667	0.0	0.619745652174	0.67122875	0.0	0.31819	
5.46557377049e-05	0.468872857143	0.255921428571	0.0325686666667	0.0	0.526633478261	0.67145125	0.000187941176471	0.18759	
0.000125573770492	0.112491428571	0.640460714286	0.0287193333333	0.0	0.463660869565	0.71162875	0.00106382352941	0.2240225	
0.0	0.107472857143	0.436568571429	0.022234	0.0	0.459304347826	0.59347	0.0	0.04439625	
0.0	0.239678571429	0.240393571429	0.0328193333333	0.0	0.570663913043	0.36527125	0.0	0.27780375	
0.0	0.507352857143	0.342992857143	0.02627	0.0	0.572326521739	0.49551125	0.0	0.26108	
0.0022453442623	0.495268571429	0.363776428571	0.026714	0.671982380952	0.692094782609	0.0	0.444143529412	0.42493125	
0.0	0.0349685714286	0.686085714286	0.0391326666667	0.0	0.612245217391	0.6285175	0.0	0.31819	
0.0	0.00937142857143	0.001915	0.00141	0.000730476190476	0.00457869565217	0.001895	0.00149382352941	0.00024875	
0.0104373770492	0.285464285714	0.166976428571	0.0326066666667	0.424304285714	0.449556086957	0.06266375	0.411315	0.31539125	
0.000759967213115	0.691814285714	0.436198571429	0.026714	0.693018095238	0.639747391304	0.0	0.552249117647	0.3290125	
0.000125573770492	0.49253	0.218826428571	0.02627	0.0	0.46109	0.52428875	0.0175611764706	0.19328875	
0.000125573770492	0.389011428571	0.68801	0.020494	0.0	0.585975217391	0.74897375	0.0175611764706	0.28651125	
0.0	0.561107142857	0.437293571429	0.02627	0.0	0.583767826087	0.725535	0.0	0.21462	
0.000125573770492	0.115388571429	0.491047857143	0.0391326666667	0.0	0.581723043478	0.67121375	0.0175611764706	0.21872	
0.0	0.0349685714286	0.687801428571	0.0391326666667	0.0	0.620779565217	0.66668375	0.0	0.31819	
0.0	0.577591428571	0.483307142857	0.02627	0.0	0.447382608696	0.74915625	0.0	0.14358	
0.0	0.0349685714286	0.687801428571	0.0391326666667	0.0	0.607105652174	0.67122875	0.0	0.25389	
0.00239285245902	0.47149	0.36295	0.0391326666667	0.0	0.49212826087	0.51626875	0.0	0.11552	
0.002392	0.452652857143	0.358049285714	0.0391326666667	0.0	0.492239565217	0.601535	0.0	0.119625	
0.000304163934426	0.520911428571	0.206282142857	0.0188726666667	0.664350952381	0.606079565217	0.0	0.470513823529	0.33266	
6.46885245902e-05	0.00173714285714	0.000261428571429	0.00392066666667	0.000851904761905	0.00725130434783	0.0	0.00777852941176	0.0563075	
0.00281747540984	0.367802857143	0.566672857143	0.0287193333333	0.0	0.560087826087	0.653125	0.0175611764706	0.28651125	
0.00031731147541	0.0	0.127417142857	0.0190946666667	0.0	0.11282173913	0.1068075	0.0	0.03539375	
0.0	0.738892857143	0.363776428571	0.026714	0.687495714286	0.742962173913	0.0	0.620441764706	0.54636125	
0.00166944262295	0.586712857143	0.468480714286	0.07665	0.297791904762	0.258460434783	0.00069875	0.368625294118	0.29075	
0.0	0.0349685714286	0.694495	0.0391326666667	0.0	0.619735652174	0.67122875	0.0	0.31819	
0.0	0.189341428571	0.342923571429	0.00587933333333	0.0	0.616977391304	0.4290125	0.0	0.31935375	
0.0	0.488945714286	0.483307142857	0.02627	0.0	0.439652173913	0.75520125	0.0	0.1440975	
0.0	0.0349685714286	0.687801428571	0.0391286666667	0.0	0.619745652174	0.67122875	0.0	0.31819	
0.0	0.07282	0.342900714286	0.02627	0.0	0.634833478261	0.52849625	0.0	0.325825	
0.00239285245902	0.486108571429	0.362852857143	0.0391326666667	0.0	0.509067391304	0.60151875	0.0	0.15554875	
0.0	0.170204285714	0.17999	0.0263806666667	0.0	0.339873043478	0.336885	0.0	0.15018625	
0.00239285245902	0.486108571429	0.362852857143	0.0391326666667	0.0	0.509067391304	0.60151875	0.0	0.15554875	
0.0	0.07282	0.342900714286	0.02627	0.0	0.634782173913	0.52849625	0.0	0.325825	
0.0	0.30821	0.236929285714	0.0320873333333	0.0	0.60682826087	0.5211875	0.0	0.27118625	
4.19672131148e-06	0.0877785714286	0.000144285714286	0.008418	0.0476519047619	0.0345004347826	0.0	0.0515652941176	0.0956675	
9.83606557377e-08	0.703437142857	0.499801428571	0.051546	0.65938952381	0.692934782609	0.0	0.640027941176	0.44085	
0.00239285245902	0.486108571429	0.362852857143	0.0391326666667	0.0	0.509067391304	0.60151875	0.0	0.15554875	
0.001926	0.0	0.633282857143	0.0326066666667	0.685675238095	0.627733913043	0.0	0.408507941176	0.35547625	
0.001926	0.0	0.633282857143	0.0326066666667	0.685676190476	0.627733913043	0.0	0.427826470588	0.35547625	
0.001926	0.43099	0.6579	0.051546	0.689297142857	0.711293043478	0.0	0.550876764706	0.54636125	
0.00451016393443	0.497748571429	0.499801428571	0.051546	0.672977142857	0.692947391304	0.0	0.585007352941	0.4474175	
0.00031731147541	0.0	0.127417142857	0.0190946666667	0.0	0.11282173913	0.1068075	0.0	0.03539375	
0.00380783606557	0.599418571429	0.534020714286	0.0462886666667	0.516207619048	0.578299130435	5.375e-05	0.581192941176	0.3573325	
0.000346885245902	0.341345714286	0.176078571429	0.033836	0.0	0.292313043478	0.43188875	0.000276176470588	0.01610125	
0.00163416393443	0.0279	0.633305	0.0326066666667	0.629788095238	0.626733478261	0.0	0.407711764706	0.35547625	
0.00832131147541	0.31503	0.535103571429	0.084294	0.402132857143	0.388857826087	5.375e-05	0.375590882353	0.31438625	
0.000125573770492	0.43686	0.629837142857	0.0320873333333	0.0	0.504363478261	0.7485975	0.0175611764706	0.21869625	
0.0020342295082	0.590282857143	0.326852142857	0.084294	0.584294761905	0.54242	0.0	0.538476176471	0.24584	
0.00148537704918	0.60453	0.258615	0.0340353333333	0.706210952381	0.704966521739	0.0	0.544701470588	0.416595	
0.00447613114754	0.488688571429	0.258731428571	0.051472	0.569928571429	0.668607826087	0.0	0.440079117647	0.44756875	
1.70491803279e-06	0.0349685714286	0.687986428571	0.05671	0.0	0.558668695652	0.60123375	0.0	0.31819	
6.21639344262e-05	0.0181157142857	0.00135142857143	0.005822	0.000297142857143	0.00323826086957	0.00073875	0.000402941176471	0.00016875	
0.00239285245902	0.486108571429	0.362852857143	0.0391326666667	0.0	0.509990869565	0.68796125	0.0	0.17589875	
0.00269190163934	0.533868571429	0.614107142857	0.02627	0.0	0.54765173913	0.6966975	0.0	0.325825	
0.00148537704918	0.60453	0.258615	0.0340353333333	0.706210952381	0.721918695652	0.0	0.547725882353	0.437335	
0.00316055737705	0.6937	0.363776428571	0.0757786666667	0.618031428571	0.68377	0.0	0.588484411765	0.5084525	
0.00128839344262	0.257057142857	0.369587857143	0.0391326666667	0.0	0.386288695652	0.7176275	0.0	0.1190325	
0.0	0.318954285714	0.296075714286	0.02627	0.0	0.628814347826	0.5162725	0.0	0.321805	
0.0	0.573808571429	0.218826428571	0.0320873333333	0.0	0.491246086957	0.50584	0.0	0.19328875	
0.0	0.507674285714	0.452581428571	0.026714	0.69009952381	0.603996521739	0.0	0.552532647059	0.38256875	
0.00376757377049	0.318954285714	0.148467857143	0.02627	0.0	0.544682173913	0.459815	0.0	0.25518375	
0.0	0.492497142857	0.342900714286	0.0188326666667	0.0	0.555724347826	0.54302125	0.0	0.1904375	
0.00128839344262	0.17303	0.297545	0.0391326666667	0.0	0.441759130435	0.51258625	0.0	0.18565375	
0.00339285245902	0.214914285714	0.228115	0.0391326666667	0.0	0.538317391304	0.3895475	0.0	0.19159875	
0.000618426229508	0.577591428571	0.218826428571	0.0370093333333	0.0	0.470204782609	0.44558	0.0	0.19328875	
0.00451016393443	0.497748571429	0.499801428571	0.051546	0.672977142857	0.692947391304	0.0	0.585007352941	0.4474175	
5.63278688525e-05	0.00261428571429	0.0212564285714	0.0276953333333	0.0	0.0378834782609	0.03133375	0.0	0.0	
0.00380773770492	0.715338571429	0.500486428571	0.103233333333	0.66799047619	0.633173913043	5.375e-05	0.625440882353	0.40568875	
0.00451357377049	0.289634285714	0.302234285714	0.0326066666667	0.415483809524	0.329773043478	0.0	0.299313529412	0.150455	
0.00519485245902	0.690264285714	0.214787857143	0.026714	0.623122857143	0.668773043478	0.0	0.516539705882	0.3671625	
0.00325731147541	0.0749285714286	0.372205714286	0.0391326666667	0.0	0.478778695652	0.2957075	0.0	0.31818875	
0.00344914754098	0.485187142857	0.440677142857	0.100610666667	0.602312380952	0.577816521739	2.5e-06	0.591606764706	0.54224125	
0.00814039344262	0.722838571429	0.158277142857	0.051546	0.672560952381	0.672846521739	0.06266375	0.571597941176	0.47049625	
0.00609485245902	0.404644285714	0.150022142857	0.0320873333333	0.0	0.565550434783	0.44211375	0.0	0.21989	
0.00368859016393	0.137887142857	0.150022142857	0.0391326666667	0.0	0.563110434783	0.45072625	0.0	0.25518375	
0.00269190163934	0.565384285714	0.372157142857	0.0320873333333	0.0	0.526525652174	0.338655	0.0	0.15534625	
0.00148537704918	0.724218571429	0.49503	0.051546	0.639014285714	0.738954347826	0.0	0.594956764706	0.507635	
0.0	0.500735714286	0.228592142857	0.0320873333333	0.0	0.643105652174	0.53888875	0.0	0.25401375	
0.0	0.638988571429	0.301834285714	0.051546	0.696348571429	0.709920869565	0.0	0.587393823529	0.405065	
0.270222	0.486572857143	0.0813942857143	0.368691333333	0.290508571429	0.311880869565	0.140275	0.305038529412	0.272975	
0.0031153442623	0.718397142857	0.625143571429	0.051546	0.683420952381	0.657329130435	0.0	0.547740294118	0.439005	
0.237265737705	0.519202857143	0.136312142857	0.367251333333	0.283843809524	0.264697826087	0.33743125	0.267488823529	0.28661375	
0.0117158360656	0.504818571429	0.161514285714	0.059516	0.55526952381	0.553562173913	0.0628025	0.537773235294	0.3440775	
0.000173573770492	0.0707728571429	0.00546857142857	0.0158213333333	6.28571428571e-05	0.00453	0.00146125	0.00168058823529	0.0005525	
0.0	0.0349685714286	0.687801428571	0.0391326666667	0.0	0.619745652174	0.67122875	0.0	0.31819	
9.83606557377e-08	0.676862857143	0.658078571429	0.051546	0.705028095238	0.677368695652	0.0	0.684887352941	0.54636125	
0.00148603278689	0.315947142857	0.624322857143	0.0326066666667	0.654937619048	0.598968695652	0.0	0.431968235294	0.295505	
0.0010186557377	0.434918571429	0.458792857143	0.046446	0.0	0.517993913043	0.661995	0.0	0.27793875	
0.0090008852459	0.0450285714286	0.0694771428571	0.0788633333333	0.0	0.119294347826	0.16282875	0.0	0.0324375	
0.00148537704918	0.520794285714	0.258615	0.051546	0.705033809524	0.722905652174	0.0	0.546520294118	0.42335875	
0.0	0.750611428571	0.330841428571	0.051546	0.688002857143	0.74687173913	0.0	0.618133823529	0.54636125	
0.0	0.498622857143	0.342900714286	0.02627	0.0	0.539266086957	0.53888875	0.0	0.1904375	
0.0	0.305431428571	0.228592142857	0.0287193333333	0.0	0.662776956522	0.55016	0.0	0.25039875	
0.00236150819672	0.724088571429	0.412929285714	0.051546	0.565253809524	0.596685217391	0.0	0.514081764706	0.36633875	
0.00608524590164	0.17957	0.492307142857	0.0326066666667	0.706210952381	0.656106086957	0.0	0.568899411765	0.3577075	
0.00202308196721	0.434534285714	0.318644285714	0.0007	0.561785714286	0.431905217391	0.0	0.457481764706	0.3137225	
0.00323016393443	0.110182857143	0.500122142857	0.0326066666667	0.430342380952	0.427867826087	0.0	0.383293823529	0.29839125	
0.00235537704918	0.504282857143	0.658078571429	0.0326066666667	0.646753809524	0.640050434783	0.0	0.492988823529	0.35218125	
5.80327868852e-06	0.495345714286	0.623204285714	0.0326066666667	0.654679047619	0.684214782609	0.0	0.523383235294	0.4554175	
0.00362940983607	0.723182857143	0.32068	0.0869313333333	0.479896190476	0.457425652174	0.0	0.470906470588	0.40121	
0.0046766557377	0.249282857143	0.289710714286	0.000602	0.0	0.530758695652	0.4512975	0.0175611764706	0.28651125	
0.0	0.394217142857	0.383135714286	0.018704	0.706308095238	0.698632608696	0.0	0.509366470588	0.4239925	
0.0	0.556864285714	0.342992857143	0.0330206666667	0.0	0.613007826087	0.5211875	0.0	0.26108	
0.0044766557377	0.498077142857	0.367016428571	0.051472	0.569900952381	0.64436	0.0	0.482466764706	0.5199275	
0.00661829508197	0.444824285714	0.212436428571	0.139462	0.635574285714	0.654690869565	0.0	0.511782647059	0.5398225	
0.0	0.302382857143	0.228592142857	0.0287193333333	0.0	0.662776956522	0.55016	0.0	0.25039875	
0.000124786885246	0.121888571429	0.622777857143	0.001488	0.0	0.454943043478	0.65350375	0.0175611764706	0.28651125	
0.0	0.488731428571	0.136663571429	0.0320873333333	0.0	0.378432608696	0.49045	0.0	0.0640325	
0.00148537704918	0.502768571429	0.367992142857	0.051546	0.517146190476	0.537044347826	0.0	0.535483823529	0.38532125	
0.00451114754098	0.411505714286	0.363597857143	0.051546	0.624087142857	0.57306826087	0.0	0.508474117647	0.44706875	
0.00410914754098	0.749277142857	0.323217142857	0.100610666667	0.577566190476	0.627073478261	0.0	0.536073235294	0.47461625	
0.00376757377049	0.502231428571	0.420095	0.02627	0.0	0.326316521739	0.69874375	0.0	0.056025	
0.00202285245902	0.570997142857	0.362852857143	0.0391326666667	0.0	0.441217826087	0.60151875	0.0	0.09080375	
0.000838295081967	0.00177428571429	0.00696642857143	1.33333333333e-06	0.00110523809524	0.00288130434783	0.006935	0.00184029411765	0.00913	
0.00376757377049	0.179691428571	0.150022142857	0.0391326666667	0.0	0.512166086957	0.41597125	0.0	0.25920375	
0.00243524590164	0.488981428571	0.267393571429	0.050564	0.61991952381	0.571140434783	0.0	0.391206764706	0.3564	
0.0	0.750155714286	0.363776428571	0.026714	0.687495714286	0.741546521739	0.0	0.624530294118	0.54636125	
0.00031731147541	0.00695714285714	0.0606914285714	0.007584	0.0	0.0709004347826	0.07181875	0.0	0.0	
0.00269019672131	0.571952857143	0.483575714286	0.031578	0.0	0.395662173913	0.67899625	0.0	0.1440975	
0.0060911147541	0.694405714286	0.452579285714	0.051546	0.686477619048	0.57875173913	0.06265625	0.587931764706	0.33078	
0.0	0.48611	0.634468571429	0.0391326666667	0.0	0.558773043478	0.6306325	0.0	0.205055	
1.70491803279e-06	0.469094285714	0.564522142857	0.05671	0.0	0.477202608696	0.561205	0.0	0.20200875	
0.00192609836066	0.387565714286	0.499801428571	0.051546	0.689482380952	0.66230826087	0.0	0.521920294118	0.4474175	
0.0045822295082	0.350951428571	0.591387857143	0.0869766666667	0.661118095238	0.654724782609	5.375e-05	0.500497352941	0.4982575	
0.0	0.491488571429	0.593308571429	0.02627	0.0	0.65338826087	0.7375	0.0	0.325825	
0.0	0.0349685714286	0.687801428571	0.0391326666667	0.0	0.618542173913	0.65090625	0.0	0.31819	
0.000719606557377	0.220897142857	0.491047857143	0.040624	0.0	0.519636086957	0.67121375	0.0	0.25039875	
0.000125573770492	0.458482857143	0.342225	0.0320873333333	0.0	0.604758695652	0.71488375	0.0175611764706	0.21872	
0.0	0.301035714286	0.485372857143	0.0320873333333	0.0	0.605942608696	0.70783375	0.0	0.275345	
0.00236406557377	0.452987142857	0.240076428571	0.105590666667	0.605201428571	0.589967826087	2.5e-06	0.510487941176	0.4751175	
0.000630459016393	0.128902857143	0.68801	0.000602	0.0	0.522556086957	0.6942775	0.0175611764706	0.3229475	
0.001926	0.435174285714	0.363868571429	0.051546	0.671982380952	0.65335826087	0.0	0.464515882353	0.47361125	
0.006286	0.472692857143	0.0	0.0320873333333	0.0	0.498795217391	0.46472	0.0175611764706	0.15209875	
0.0022453442623	0.495398571429	0.391965	0.0326066666667	0.655273809524	0.637476086957	0.0	0.468473235294	0.34806125	
0.000774491803279	0.206722857143	0.583578571429	0.0446773333333	0.596890952381	0.689922173913	0.0	0.428036176471	0.39311625	
0.0010186557377	0.121371428571	0.593532857143	0.040624	0.0	0.315240434783	0.60121875	0.0	0.28651125	
0.0114870491803	0.672608571429	0.648236428571	0.051546	0.615322380952	0.61343826087	0.00622875	0.615942352941	0.45987625	
0.00835409836066	0.603751428571	0.0	0.0340353333333	0.64136047619	0.63108173913	0.06266375	0.442947058824	0.40019625	
0.293561770492	0.51904	0.201742142857	0.367692	0.35956952381	0.411466521739	0.14034875	0.361559117647	0.3421225	
0.00834829508197	0.495398571429	0.603919285714	0.0326066666667	0.682813333333	0.640838695652	0.06266375	0.584226764706	0.3836725	
0.00243514754098	0.480518571429	0.462913571429	0.0757786666667	0.370063333333	0.388346956522	0.0	0.516165588235	0.1840675	
0.00456770491803	0.731462857143	0.658078571429	0.103233333333	0.67752047619	0.659485217391	5.375e-05	0.672219117647	0.54636125	
0.0	0.528255714286	0.614107142857	0.0320873333333	0.0	0.616921304348	0.7375	0.0	0.32582125	
0.0102140983607	0.0450285714286	0.0694771428571	0.0788633333333	0.0	0.119133913043	0.1628925	0.0	0.0324375	
0.00883659016393	0.715338571429	0.167148571429	0.051546	0.672586190476	0.663352173913	0.06266375	0.493232352941	0.47049625	
0.00269190163934	0.45207	0.460056428571	0.0320873333333	0.0	0.518984782609	0.64933	0.0	0.275345	
0.0	0.486108571429	0.632752857143	0.0391326666667	0.0	0.556767391304	0.631185	0.0	0.205055	
0.00805380327869	0.400692857143	0.36336	0.0326066666667	0.359613809524	0.342586086957	5.375e-05	0.360775294118	0.24264125	
0.00128839344262	0.17303	0.297545	0.0391326666667	0.0	0.441759130435	0.51258625	0.0	0.18565375	
0.00128839344262	0.254615714286	0.138138571429	0.0391326666667	0.0	0.520096956522	0.43388625	0.0	0.19422625	
0.000125573770492	0.353377142857	0.688647142857	0.0320873333333	0.0	0.501403043478	0.76741875	0.0175611764706	0.32173875	
0.0046917704918	0.259667142857	0.533974285714	0.00285333333333	0.412261904762	0.308242608696	2.5e-06	0.464270882353	0.39799	
0.00983432786885	0.315947142857	0.269907142857	0.0326066666667	0.659039047619	0.558169565217	0.06266375	0.357399411765	0.26444125	
0.00450147540984	0.316064285714	0.49872	0.0324933333333	0.430243333333	0.435930869565	0.0	0.395770294118	0.314725	
0.000134098360656	0.0698471428571	0.00251928571429	0.0158213333333	0.00216619047619	0.00814304347826	0.00312875	0.00289852941176	0.00143625	
0.00452363934426	0.110162857143	0.254922142857	0.0324933333333	0.553523809524	0.473178695652	0.0	0.313063235294	0.36285125	
3.93442622951e-06	0.443091428571	0.378614285714	0.0320873333333	0.0	0.613336521739	0.53287	0.0175611764706	0.28651125	
0.0032771147541	0.108872857143	0.324717857143	0.0326493333333	0.314073809524	0.275974782609	0.0	0.190922941176	0.2000775	
0.0	0.486108571429	0.632992142857	0.0391326666667	0.0	0.458369565217	0.62217875	0.0	0.205055	
0.000909081967213	0.318497142857	0.331789285714	0.0314293333333	0.0	0.61584173913	0.53287	0.0175611764706	0.28651125	
0.0	0.372355714286	0.310222857143	0.001088	0.0	0.465123478261	0.3644625	0.000715588235294	0.13477	
0.0	0.451888571429	0.607650714286	0.0320873333333	0.0	0.596409130435	0.72656625	0.0175611764706	0.205515	
0.0	0.486108571429	0.634468571429	0.0391326666667	0.0	0.556767391304	0.631185	0.0	0.205055	
0.0029811147541	0.6937	0.453174285714	0.026714	0.673832380952	0.67384826087	0.0	0.498308823529	0.3290125	
0.00235537704918	0.694	0.658078571429	0.0494086666667	0.668185238095	0.65811826087	0.0	0.569181764706	0.511755	
5.26557377049e-05	0.514947142857	0.164481428571	0.00166	0.486716190476	0.4595	6.25e-06	0.319202941176	0.1732175	
0.27879042623	0.51904	0.0813942857143	0.369088	0.290508571429	0.343876521739	0.140275	0.313437352941	0.29268625	
0.0	0.528255714286	0.16258	0.0320873333333	0.0	0.495866521739	0.49045	0.0	0.20755375	
0.0061511147541	0.731138571429	0.499805714286	0.103233333333	0.652222380952	0.655566956522	5.375e-05	0.564089117647	0.4123975	
9.83606557377e-08	0.704014285714	0.37255	0.051546	0.69467952381	0.689398695652	0.0	0.646627058824	0.51981875	
0.00983367213115	0.705368571429	0.269907142857	0.051546	0.687806190476	0.595409130435	0.06266375	0.449661764706	0.36727	
0.00834829508197	0.688761428571	0.158277142857	0.051546	0.689455714286	0.667095217391	0.06266375	0.607272647059	0.47461625	
0.00983426229508	0.315947142857	0.269907142857	0.0326066666667	0.652831904762	0.552612608696	0.06266375	0.351288823529	0.27063125	
0.0010186557377	0.533868571429	0.60765	0.065406	0.0	0.529510869565	0.696685	0.0	0.27208	
0.000668262295082	0.314527142857	0.518493571429	0.04003	0.561343809524	0.675744347826	0.0	0.453335882353	0.48816	
0.00128839344262	0.0749285714286	0.297545	0.0391326666667	0.0	0.430314347826	0.47762375	0.0	0.18565375	
0.0101219016393	0.697994285714	0.294746428571	0.051546	0.461089047619	0.47086173913	0.0627175	0.567645	0.398095	
6.55737704918e-07	0.315947142857	0.475182142857	0.0326066666667	0.673314761905	0.618664782609	0.0	0.419904705882	0.38002375	
0.001894	0.275091428571	0.0875392857143	0.0316206666667	0.0	0.188293913043	0.35846125	0.0	0.0866825	
0.00451249180328	0.31503	0.293917142857	0.0326066666667	0.430342380952	0.441605652174	0.0	0.379202941176	0.31438625	
0.00451383606557	0.408337142857	0.312974285714	0.00987533333333	0.39227952381	0.401903913043	0.0	0.353347058824	0.2411525	
0.0	0.577645714286	0.490027857143	0.02627	0.0	0.475846086957	0.75520125	0.0	0.19328875	
0.00167518032787	0.75102	0.346409285714	0.100610666667	0.653706666667	0.646439130435	0.0	0.637733823529	0.38655	
0.0052931147541	0.502768571429	0.506738571429	0.103233333333	0.677372857143	0.661984347826	5.375e-05	0.577825588235	0.38013	
0.0111379016393	0.356704285714	0.00320928571429	0.001514	0.424876190476	0.381225652174	0.06266375	0.397831764706	0.37421125	
0.00291016393443	0.298641428571	0.258615	0.00285333333333	0.672952857143	0.599022173913	0.0	0.488610588235	0.46662	
0.00450262295082	0.341927142857	0.499801428571	0.00285333333333	0.672952857143	0.54693	0.0	0.543782647059	0.4548275	
0.0121561311475	0.704017142857	0.211490714286	0.103233333333	0.66351047619	0.58294173913	0.0627175	0.641613823529	0.44807375	
0.000117049180328	0.06953	0.000474285714286	0.00212666666667	0.00327142857143	0.01066	0.00048	0.000939411764706	0.00146375	
0.000488295081967	0.715338571429	0.221017142857	0.051546	0.686818571429	0.704660434783	0.0	0.516099411765	0.54224125	
0.00269190163934	0.45207	0.460056428571	0.0320873333333	0.0	0.518984782609	0.64933	0.0	0.275345	
0.00192868852459	0.206252857143	0.294302142857	0.0326066666667	0.686567619048	0.528607826087	0.0	0.358852941176	0.31539125	
0.00380773770492	0.705368571429	0.473080714286	0.103233333333	0.677313333333	0.626180869565	5.375e-05	0.660247058824	0.49313125	
0.0	0.0349685714286	0.538625	0.0391326666667	0.0	0.457650434783	0.69333125	0.0	0.25039875	
0.0	0.661891428571	0.417073571429	0.051546	0.604307619048	0.460741304348	0.0	0.557880588235	0.29574625	
0.00983413114754	0.299772857143	0.269903571429	0.0326066666667	0.626386190476	0.560109565217	0.06266375	0.347187352941	0.26444125	
0.00269190163934	0.52823	0.536857857143	0.0320873333333	0.0	0.537800869565	0.59255375	0.0	0.20200875	
0.00148537704918	0.723182857143	0.519336428571	0.051546	0.588185714286	0.503365217391	0.0	0.472285	0.36660375	
0.00720432786885	0.598744285714	0.273576428571	0.0919086666667	0.412062380952	0.293785652174	0.0	0.322352647059	0.17597625	
0.00269190163934	0.390448571429	0.528740714286	0.0391326666667	0.0	0.387033043478	0.57268125	0.0	0.13726375	
0.00528452459016	0.0154857142857	0.00353785714286	0.0204553333333	0.0	0.0507765217391	0.12968875	0.0	0.0	
0.00239285245902	0.528255714286	0.362852857143	0.0320873333333	0.0	0.478886956522	0.70783375	0.0	0.20755375	
0.0	0.0254771428571	0.000852142857143	0.031684	0.00024	0.00324739130435	0.0018425	0.000210882352941	0.000215	
0.0	0.620281428571	0.22503	0.0326066666667	0.577907619048	0.509150869565	0.0	0.480222352941	0.31026625	
0.0	0.528255714286	0.16258	0.0320873333333	0.0	0.495671304348	0.49133125	0.0	0.20752625	
0.00376757377049	0.502231428571	0.150022142857	0.02627	0.0	0.384529130435	0.4823575	0.0	0.12381625	
0.0	0.44244	0.435511428571	0.0320873333333	0.0	0.651132608696	0.5194225	0.0	0.2793375	
0.0	0.7248	0.383136428571	0.051546	0.705033809524	0.722177391304	0.0	0.669317941176	0.50563125	
0.0	0.690758571429	0.623198571429	0.0505213333333	0.705721904762	0.699995652174	0.0	0.676172058824	0.54636125	
0.00239285245902	0.528255714286	0.362852857143	0.0320873333333	0.0	0.478886956522	0.70783375	0.0	0.20755375	
0.0	0.56797	0.218826428571	0.02627	0.0	0.495239130435	0.516235	0.0	0.19328875	
0.00824324590164	0.739201428571	0.158277142857	0.01843	0.640313809524	0.547155652174	0.05428375	0.589332941176	0.3880125	
0.0	0.533868571429	0.336443571429	0.02627	0.0	0.565406956522	0.53888875	0.0	0.27261375	
0.00376540983607	0.137835714286	0.150032857143	0.0391286666667	0.0	0.562776521739	0.4710375	0.0	0.2550925	
0.00238072131148	0.486108571429	0.634468571429	0.0391326666667	0.0	0.53956	0.631185	0.0	0.205055	
0.001926	0.434642857143	0.363776428571	0.051546	0.672087619048	0.716722173913	0.0	0.531445	0.54636125	
0.00376757377049	0.214914285714	0.277854285714	0.0391326666667	0.0	0.53886826087	0.3895475	0.0	0.18682375	
0.00031731147541	0.00695714285714	0.0606914285714	0.0137973333333	0.0	0.0709004347826	0.07181875	0.0	0.0	
0.00437708196721	0.512987142857	0.667383571429	0.0320873333333	0.0	0.557515652174	0.56937375	0.0	0.32684375	
0.0	0.502231428571	0.343391428571	0.02627	0.0	0.61408173913	0.5381525	0.0	0.2551825	
5.90163934426e-07	0.0700385714286	0.000922142857143	0.00258266666667	0.00354095238095	0.0116	3.875e-05	0.00197705882353	0.00186	
0.00232727868852	0.0349685714286	0.687987142857	0.0391326666667	0.0	0.542156956522	0.615095	0.0	0.28587625	
0.000144754098361	0.111715714286	0.000760714285714	0.0175433333333	5.14285714286e-05	0.00262217391304	0.0005925	0.000736764705882	0.00030875	
0.00380773770492	0.704464285714	0.658078571429	0.05214	0.652976666667	0.634286956522	5.375e-05	0.690175588235	0.54636125	
0.0	0.724007142857	0.464387142857	0.0513326666667	0.693118095238	0.689313913043	0.0	0.610856470588	0.400945	
0.0102757377049	0.303888571429	0.309617142857	0.051546	0.675028095238	0.656306521739	0.06266375	0.508328235294	0.47049625	
0.0	0.731458571429	0.616941428571	0.051546	0.595184761905	0.613022173913	0.0	0.656997941176	0.400945	
0.00167518032787	0.723182857143	0.466045714286	0.0995513333333	0.635321904762	0.607280434783	0.0	0.553568529412	0.36052875	
2.83606557377e-05	0.146861428571	0.0341657142857	0.0218273333333	0.0	0.0101856521739	0.00471375	0.00142	0.02090375	
0.00834839344262	0.704014285714	0.158277142857	0.051546	0.690786190476	0.635505217391	0.06266375	0.626215882353	0.44807375	
0.000806098360656	0.09609	0.279842857143	0.01464	0.0	0.158089565217	0.3825575	0.000299705882353	0.11847625	
0.00031731147541	0.00695714285714	0.0606914285714	0.0194713333333	0.0	0.0708804347826	0.018385	0.0	0.0	
0.00269190163934	0.577591428571	0.607742142857	0.02627	0.0	0.531203478261	0.6966975	0.0	0.2072975	
0.0	0.452254285714	0.435511428571	0.0320873333333	0.0	0.65149	0.5194225	0.0	0.2793375	
0.00376757377049	0.533868571429	0.150022142857	0.02627	0.0	0.57058173913	0.48243125	0.0	0.25518375	
0.0	0.520457142857	0.49503	0.0326066666667	0.604088095238	0.533484782609	0.0	0.537018235294	0.3867875	
0.000125573770492	0.419692857143	0.228592142857	0.0320873333333	0.0	0.605644347826	0.53287	0.0175611764706	0.21872	
0.00177396721311	0.7248	0.326855	0.051546	0.595348095238	0.469740434783	5.375e-05	0.50742	0.34798	
0.0111379016393	0.356661428571	0.00321214285714	0.001514	0.424876190476	0.381080869565	0.06266375	0.397791764706	0.355305	
0.0111379016393	0.356661428571	0.00320928571429	0.001514	0.424876190476	0.381080869565	0.06266375	0.397831764706	0.37421125	
0.00269190163934	0.486108571429	0.53761	0.0391326666667	0.0	0.46657826087	0.57268125	0.0	0.20200875	
0.0111378032787	0.0	2.85714285714e-06	0.001514	0.544682857143	0.478765652174	0.06266375	0.291286764706	0.29953375	
0.00262209836066	0.528267142857	0.613397857143	0.0320873333333	0.0	0.55252	0.55427625	0.0	0.32684	
0.00114085245902	0.224562857143	0.392138571429	0.040624	0.0	0.368913478261	0.35423375	0.01756	0.19328875	
0.00148537704918	0.525252857143	0.258615	0.033194	0.671785238095	0.703189565217	0.0	0.537075	0.41789375	
0.00380773770492	0.705368571429	0.658078571429	0.0521013333333	0.677434285714	0.655297826087	5.375e-05	0.669915294118	0.54639	
0.00116236065574	0.0802442857143	0.0790721428571	0.0373906666667	0.0	0.259062608696	0.31786	0.0	0.08117875	
0.0	0.502231428571	0.614107142857	0.02627	0.0	0.620746086957	0.75520125	0.0	0.2551825	
0.0	0.512855714286	0.150320714286	0.02627	0.0	0.531542173913	0.3695125	0.0	0.18888625	
0.00236150819672	0.724218571429	0.607955714286	0.051546	0.573250952381	0.651780869565	0.0	0.586635294118	0.507635	
0.0	0.475855714286	0.634468571429	0.0391326666667	0.0	0.556767391304	0.631185	0.0	0.205055	
0.0019688852459	0.0349685714286	0.0827235714286	0.0391326666667	0.0	0.238224347826	0.2902775	0.0	0.10689125	
0.00376757377049	0.214914285714	0.277854285714	0.0391326666667	0.0	0.53886826087	0.3709225	0.0	0.18682375	
0.0010186557377	0.486108571429	0.33589	0.0782686666667	0.0	0.420850869565	0.5430025	0.0	0.15554875	
0.0	0.137887142857	0.2851	0.0391326666667	0.0	0.59235173913	0.6230925	0.0	0.275345	
0.0118675409836	0.703802857143	0.158277142857	0.10302	0.659585714286	0.601795652174	0.06266375	0.55379	0.4134675	
0.0052931147541	0.502768571429	0.607757857143	0.103233333333	0.677372857143	0.642483043478	5.375e-05	0.585089705882	0.38013	
2.4393442623e-05	0.750611428571	0.035525	0.0517913333333	0.580666190476	0.63726	6.25e-06	0.456105588235	0.302865	
0.00148537704918	0.705368571429	0.212436428571	0.051546	0.687984761905	0.632827391304	0.0	0.508420294118	0.434885	
0.00311954098361	0.131957142857	0.469212142857	0.0326066666667	0.598196666667	0.662193913043	0.0	0.327380588235	0.336535	
0.0	0.301021428571	0.463695714286	0.0320873333333	0.0	0.606549130435	0.7375	0.0	0.275345	
0.00353081967213	0.45207	0.150022142857	0.0320873333333	0.0	0.58747173913	0.46473	0.0	0.25518375	
0.0	0.486922857143	0.352147142857	0.032558	0.595940952381	0.584233913043	0.0	0.559601764706	0.38276375	
0.00235537704918	0.505617142857	0.212436428571	0.0326066666667	0.629094761905	0.693978695652	0.0	0.485291764706	0.42493125	
0.00344914754098	0.750615714286	0.150590714286	0.100610666667	0.516853809524	0.517789565217	2.5e-06	0.554585588235	0.42069125	
0.00148537704918	0.733085714286	0.49503	0.051546	0.572356666667	0.557427826087	0.0	0.546914117647	0.439005	
0.00344914754098	0.486594285714	0.440677142857	0.100610666667	0.617542380952	0.655156086957	2.5e-06	0.631499411765	0.54193625	
0.0	0.6937	0.624322857143	0.026714	0.705721904762	0.653158695652	0.0	0.598940588235	0.4296275	
9.83606557377e-08	0.703437142857	0.499801428571	0.051546	0.705058095238	0.692934782609	0.0	0.644962941176	0.4474175	
0.00628167213115	0.703938571429	0.6837	0.051546	0.609989047619	0.487209565217	0.00624	0.669669411765	0.43745375	
0.00138950819672	0.145971428571	0.633282857143	0.0326066666667	0.651676666667	0.535828695652	0.0	0.463226764706	0.341785	
0.0	0.0349685714286	0.687801428571	0.0391326666667	0.0	0.617222173913	0.67122875	0.0	0.31819	
0.00859514754098	0.703938571429	0.6837	0.13933	0.515766190476	0.403052608696	0.00629375	0.669669411765	0.43745375	
0.0118675409836	0.703802857143	0.158277142857	0.10302	0.659585714286	0.601513043478	0.06266375	0.553419117647	0.4134675	
0.000593114754098	0.314527142857	0.518493571429	0.0468506666667	0.529263333333	0.675744347826	0.0	0.468705588235	0.48816	
0.000488295081967	0.520794285714	0.262910714286	0.051546	0.687051904762	0.72345826087	0.0	0.551810294118	0.457965	
0.00060206557377	0.285612857143	0.539298571429	0.0391326666667	0.0	0.458897391304	0.69393625	0.0175558823529	0.2368025	
9.83606557377e-08	0.703788571429	0.416891428571	0.0513326666667	0.702137619048	0.69586826087	0.0	0.668172647059	0.51981875	
0.0034246557377	0.704014285714	0.345975714286	0.0513326666667	0.648583809524	0.640562173913	0.0	0.581772941176	0.51981875	
0.00834829508197	0.699164285714	0.0	0.051546	0.691539047619	0.669973478261	0.06266375	0.479285294118	0.398095	
0.000488393442623	0.677757142857	0.221307857143	0.0513326666667	0.68382952381	0.665442173913	0.0	0.530798823529	0.54224125	
0.00529321311475	0.61971	0.101022857143	0.103233333333	0.635677142857	0.595556521739	5.375e-05	0.492234117647	0.2980575	
0.0	0.301035714286	0.342900714286	0.0325666666667	0.0	0.632309130435	0.5211875	0.0	0.321805	
0.00269098360656	0.207787142857	0.464085	0.001488	0.0	0.52296826087	0.61213625	0.0	0.25039875	
0.0108591147541	0.715338571429	0.158277142857	0.0739006666667	0.649558095238	0.654519130435	0.06266375	0.512609117647	0.4797275	
0.00148547540984	0.475237142857	0.443655714286	0.051546	0.628016190476	0.494668695652	0.0	0.609903529412	0.44453125	
0.00444695081967	0.404644285714	0.619004285714	0.0320873333333	0.0	0.55241	0.5467575	0.0	0.28752625	
0.00657636065574	0.226405714286	0.371825714286	0.0324933333333	0.376982857143	0.332787826087	0.0	0.317856176471	0.1548375	
0.00376757377049	0.0774914285714	0.277946428571	0.0391326666667	0.0	0.605730869565	0.4583975	0.0	0.251565	
0.0	0.41782	0.258615	0.023426	0.705814761905	0.709639130435	0.0	0.560473823529	0.45594625	
0.00983432786885	0.315947142857	0.269907142857	0.0326066666667	0.659065238095	0.560177391304	0.06266375	0.357445294118	0.26444125	
0.00148547540984	0.599455714286	0.317129285714	0.051546	0.686541904762	0.629932608696	0.0	0.451081176471	0.34006125	
0.00236754098361	0.495381428571	0.623194285714	0.0513326666667	0.596966666667	0.684616956522	0.0	0.503004117647	0.42081125	
0.00322986885246	0.498077142857	0.367016428571	0.051472	0.569917619048	0.672319565217	0.0	0.482466764706	0.5199275	
0.00883659016393	0.715338571429	0.158277142857	0.051546	0.672569047619	0.672560434783	0.06266375	0.512609117647	0.4797275	
1.70491803279e-06	0.0349685714286	0.687987142857	0.05671	0.0	0.558405217391	0.60123375	0.0	0.31819	
0.00628167213115	0.703938571429	0.6837	0.051546	0.609989047619	0.487209565217	0.00624	0.669669411765	0.43745375	
0.00281747540984	0.429808571429	0.458885	0.0320873333333	0.0	0.52041826087	0.69067875	0.0175611764706	0.27951875	
0.0	0.0349685714286	0.687801428571	0.0391326666667	0.0	0.619745652174	0.67122875	0.0	0.31819	
0.0	0.0349685714286	0.687801428571	0.0391326666667	0.0	0.619745652174	0.67122875	0.0	0.31819	
0.0	0.0349685714286	0.687801428571	0.0391326666667	0.0	0.621866956522	0.67122875	0.0	0.31819	
0.000125573770492	0.192947142857	0.688037857143	0.0287193333333	0.0	0.55386	0.71170875	0.0175611764706	0.2828775	
0.0	0.0349685714286	0.687801428571	0.0391326666667	0.0	0.621866956522	0.67122875	0.0	0.31819	
0.0	0.705287142857	0.49503	0.051546	0.683146190476	0.677347391304	0.0	0.603012941176	0.54636125	
0.00236150819672	0.724088571429	0.415459285714	0.051546	0.565253809524	0.62417	0.0	0.516379411765	0.3663	
0.00332236065574	0.128902857143	0.464085	0.000602	0.0	0.401896086957	0.63577375	0.0175611764706	0.18565375	
0.000328524590164	0.0	0.0714778571429	0.0516466666667	0.0	0.100403913043	0.20472	0.000147058823529	0.0	
9.83606557377e-08	0.703437142857	0.499801428571	0.051546	0.705058095238	0.692934782609	0.0	0.644962941176	0.4474175	
0.0	0.0349685714286	0.592677142857	0.0391326666667	0.0	0.584736086957	0.613575	0.0	0.31819	
0.00031731147541	0.0	4.28571428571e-06	0.01849	0.0	0.123907391304	0.26075875	0.0159414705882	0.0	
0.000124786885246	0.295868571429	0.389840714286	0.017562	0.0	0.574556086957	0.52754375	0.0175611764706	0.28651125	
0.0	0.0672114285714	0.601894285714	0.035622	0.0	0.516546956522	0.62170875	0.0	0.2648775	
0.0	0.0349685714286	0.687801428571	0.0391326666667	0.0	0.619745652174	0.67122875	0.0	0.31819	
0.0	0.137887142857	0.688037857143	0.0391326666667	0.0	0.590761304348	0.74387125	0.0	0.321805	
0.0	0.0349685714286	0.687801428571	0.0391326666667	0.0	0.619745652174	0.67122875	0.0	0.31819	
0.0	0.277281428571	0.341346428571	0.0320873333333	0.0	0.648581304348	0.5211875	0.0	0.325825	
9.83606557377e-08	0.703437142857	0.499801428571	0.051546	0.705058095238	0.686617826087	0.0	0.644962941176	0.4474175	
0.0	0.351707142857	0.203061428571	0.00102933333333	0.0	0.590236521739	0.49063625	0.000715588235294	0.25803375	
9.83606557377e-08	0.691794285714	0.504097142857	0.051546	0.705058095238	0.692934782609	0.0	0.644962941176	0.4474175	
0.00269190163934	0.476314285714	0.613261428571	0.0320873333333	0.0	0.568513478261	0.59255375	0.0	0.262165	
0.0	0.750535714286	0.404151428571	0.026714	0.705058095238	0.743946956522	0.0	0.620288529412	0.47396	
0.0	0.0349685714286	0.687801428571	0.0391326666667	0.0	0.619745652174	0.67122875	0.0	0.31819	
0.00451318032787	0.497748571429	0.633436428571	0.051546	0.672115714286	0.659306521739	0.0	0.637127647059	0.4317525	
0.000125573770492	0.09394	0.687801428571	0.0391326666667	0.0	0.55288	0.7448175	0.0175611764706	0.31819	
9.83606557377e-08	0.701997142857	0.624322857143	0.051546	0.672335714286	0.685884347826	0.0	0.676451764706	0.46064375	
0.000117049180328	0.00217	0.00211428571429	0.00258266666667	0.00179761904762	0.00881434782609	0.00057125	0.00137117647059	0.00111625	
0.0	0.604515714286	0.258615	0.0340353333333	0.705721904762	0.721918695652	0.0	0.601399117647	0.47194125	
0.0101280655738	0.495398571429	0.452579285714	0.0326066666667	0.631058571429	0.605314347826	0.0627175	0.490980588235	0.3836725	
0.00148504918033	0.734381428571	0.212532142857	0.0326046666667	0.645886190476	0.719702173913	0.0	0.549893235294	0.42512125	
0.0	0.504818571429	0.352147142857	0.032558	0.62668952381	0.616487391304	0.0	0.504866764706	0.3269925	
0.00148504918033	0.734381428571	0.212532142857	0.0326046666667	0.663429047619	0.719702173913	0.0	0.549887352941	0.42512125	
0.00128839344262	0.483545714286	0.369587857143	0.0391326666667	0.0	0.369966086957	0.7176275	0.0	0.1266675	
0.0	0.103317142857	0.000190714285714	0.0150493333333	0.000255238095238	0.00300260869565	0.0	0.00173352941176	0.00031375	
0.00411957377049	0.703802857143	0.500486428571	0.10302	0.647168095238	0.617109130435	5.375e-05	0.593999705882	0.38775375	
0.00451318032787	0.400692857143	0.445410714286	0.0326066666667	0.412804285714	0.442257826087	0.0	0.373792647059	0.31438625	
0.000125573770492	0.257692857143	0.350291428571	0.00122866666667	0.0	0.537920434783	0.61959375	0.0175611764706	0.219915	
0.000132655737705	0.157605714286	0.00257071428571	0.0232666666667	0.00340095238095	0.00658086956522	0.00217875	0.00310382352941	0.0026375	
0.0	0.0154857142857	0.0702635714286	0.021586	0.0	0.100049565217	0.2075225	0.0	0.03539375	
0.0	0.0349685714286	0.687801428571	0.0391326666667	0.0	0.621866956522	0.67122875	0.0	0.31819	
0.0	0.301035714286	0.485372857143	0.0320873333333	0.0	0.605942608696	0.70783375	0.0	0.275345	
0.0	0.271675714286	0.342900714286	0.0283006666667	0.0	0.644619565217	0.49853375	0.0	0.30555125	
0.001926	0.434664285714	0.6579	0.051546	0.689625714286	0.716524347826	0.0	0.571531176471	0.54636125	
0.001926	0.434664285714	0.363776428571	0.051546	0.672087619048	0.716722173913	0.0	0.531445	0.54636125	
0.0	0.03469	0.688037857143	0.0391326666667	0.0	0.621632608696	0.67121375	0.0	0.31819	
0.0	0.544691428571	0.633436428571	0.026714	0.70424	0.68384	0.0	0.601794117647	0.4423	
0.224278688525	0.520617142857	0.0949385714286	0.370544666667	0.283781904762	0.249454782609	0.1885775	0.272888529412	0.2824975	
0.0	0.511094285714	0.410395	0.00732266666667	0.673501428571	0.63505173913	0.0	0.455096470588	0.3722375	
0.00236150819672	0.689112857143	0.49503	0.051546	0.608676190476	0.727263478261	0.0	0.565027058824	0.511755	
0.0107164918033	0.315947142857	0.269907142857	0.0317053333333	0.553498095238	0.521989565217	0.06266375	0.309220882353	0.26445125	
0.0	0.427662857143	0.417234285714	0.0326486666667	0.434332380952	0.434186086957	0.0	0.320317647059	0.269455	
0.00451318032787	0.497748571429	0.363776428571	0.051546	0.655482857143	0.696078695652	0.0	0.608062352941	0.51981875	
0.00451016393443	0.497748571429	0.205499285714	0.051546	0.655401904762	0.692793913043	0.0	0.544878235294	0.4474175	
0.00451318032787	0.497748571429	0.499801428571	0.051546	0.672893809524	0.69265173913	0.0	0.585007352941	0.44744875	
0.000125573770492	0.121367142857	0.491047857143	0.001488	0.0	0.346406521739	0.58411625	0.00106382352941	0.15034125	
0.00209445901639	0.257692857143	0.083135	0.00122866666667	0.0	0.415225652174	0.36387	0.00165058823529	0.1520975	
0.00451318032787	0.497748571429	0.499801428571	0.051546	0.672977142857	0.692947391304	0.0	0.585019411765	0.4474175	
0.00451203278689	0.400692857143	0.614375714286	0.051546	0.659152857143	0.633290434783	0.0	0.485055588235	0.47361125	
0.00529298360656	0.64832	0.658078571429	0.103233333333	0.677315238095	0.643447826087	5.375e-05	0.659276470588	0.48523625	
0.0117293442623	0.410131428571	0.0726464285714	0.0326066666667	0.376236190476	0.323025217391	0.06266375	0.378917352941	0.22533	
0.0	0.750535714286	0.526329285714	0.026714	0.687254285714	0.746963043478	0.0	0.656992058824	0.54026625	
0.0	0.0349685714286	0.687801428571	0.0391326666667	0.0	0.619895217391	0.67122875	0.0	0.31819	
0.00389314754098	0.458482857143	0.15378	0.0316053333333	0.0	0.333275217391	0.4221775	0.0175611764706	0.08735375	
0.00983432786885	0.315947142857	0.270475714286	0.0326066666667	0.659063809524	0.560177391304	0.06266375	0.357399411765	0.26445125	
0.0	0.42074	0.46332	0.0340353333333	0.610257142857	0.585476521739	0.0	0.613597352941	0.4725975	
0.00847931147541	0.179451428571	0.158277142857	0.0326066666667	0.67204047619	0.623625652174	0.06266375	0.402385882353	0.3836725	
0.00380839344262	0.410131428571	0.173234285714	0.084294	0.415737142857	0.322000434783	5.375e-05	0.424725588235	0.24264125	
0.000125573770492	0.458482857143	0.228592142857	0.0320873333333	0.0	0.60507826087	0.53287	0.0175611764706	0.21872	
0.0	0.668921428571	0.262910714286	0.051546	0.689549047619	0.661255652174	0.0	0.512384411765	0.47396	
0.00269190163934	0.404644285714	0.411585	0.0320873333333	0.0	0.526711304348	0.62671375	0.0	0.24005125	
0.00148537704918	0.60453	0.258615	0.023844	0.706210952381	0.719027826087	0.0	0.542719117647	0.437335	
0.0	0.495398571429	0.552249285714	0.0326066666667	0.704868095238	0.714840869565	0.0	0.612503823529	0.4554175	
0.000125573770492	0.459677142857	0.537678571429	0.02627	0.0	0.522556086957	0.710935	0.0175611764706	0.24005125	
0.001926	0.361778571429	0.37255	0.051546	0.689528571429	0.696853478261	0.0	0.484006176471	0.53826125	
0.00239285245902	0.486108571429	0.362852857143	0.0391326666667	0.0	0.509067391304	0.60151875	0.0	0.15554875	
9.83606557377e-08	0.691874285714	0.37255	0.051546	0.705041904762	0.695715652174	0.0	0.646690882353	0.51981875	
0.0020337704918	0.723182857143	0.466045714286	0.103233333333	0.661596190476	0.592837826087	0.0	0.501369705882	0.36052875	
0.00031731147541	0.00594571428571	0.117155	0.000448	0.0	0.128406956522	0.29379375	0.0159414705882	0.03539375	
0.0	0.604221428571	0.215536428571	0.0439386666667	0.673777142857	0.718585217391	0.0	0.569598235294	0.47251	
0.00224544262295	0.488468571429	0.260558571429	0.00149933333333	0.651112857143	0.698804347826	0.0	0.514668235294	0.4086825	
0.0	0.464507142857	0.110487857143	0.0234173333333	0.0	0.256663913043	0.49521	0.0	0.11143625	
0.00687413114754	0.341927142857	0.317129285714	0.0906373333333	0.573434761905	0.481773913043	2.5e-06	0.469266764706	0.454745	
0.00269190163934	0.45207	0.460056428571	0.0320873333333	0.0	0.518984782609	0.64933	0.0	0.275335	
0.011566295082	0.715468571429	0.650943571429	0.051546	0.612381428571	0.643096956522	0.00622875	0.608097352941	0.46790625	
0.00389140983607	0.428965714286	0.184570714286	0.0316053333333	0.0	0.552833913043	0.45379625	0.00165058823529	0.1885875	
0.00389140983607	0.428965714286	0.276689285714	0.0316053333333	0.0	0.552833913043	0.4221775	0.0175611764706	0.1914125	
0.00645003278689	0.0	0.12919	0.143476666667	0.0	0.129737826087	0.19892125	0.0159414705882	0.03539375	
0.017749442623	0.583427142857	0.0283307142857	0.284160666667	0.316555238095	0.304397391304	0.06279625	0.336644117647	0.3502675	
0.00418114754098	0.0	0.128492857143	0.0691226666667	0.0	0.0946547826087	0.36435875	0.0124247058824	0.01429875	
0.0111483606557	0.0419742857143	0.119157142857	0.0797093333333	0.0	0.115997391304	0.15913	0.0	0.0293275	
0.00648354098361	0.0	0.174447857143	0.143476666667	0.0	0.124900434783	0.40098625	0.0159414705882	0.03539375	
0.0112428196721	0.0	0.138991428571	0.0717346666667	0.0	0.094622173913	0.2814725	0.00385147058824	0.03539375	
0.00654314754098	0.0420385714286	0.11956	0.02294	0.0	0.129069130435	0.19848125	0.0	0.029535	
0.0102336065574	0.0449185714286	0.128106428571	0.080464	0.0	0.121022608696	0.101465	0.00387147058824	0.03465375	
0.586920688525	0.456205714286	0.460414285714	0.318357333333	0.387192857143	0.363067826087	0.659485	0.542685294118	0.3358325	
0.00487570491803	0.0249414285714	0.00133142857143	0.0220506666667	0.0	0.0318730434783	0.11513125	0.00203852941176	0.0	
0.571313114754	0.508067142857	0.419160714286	0.316438	0.317739047619	0.255669565217	0.65698125	0.551426470588	0.3332675	
0.568058754098	0.338505714286	0.423702142857	0.443273333333	0.331862857143	0.285162608696	0.65899875	0.502292941176	0.39363625	
0.00720206557377	0.0460071428571	0.127652142857	0.079458	0.0	0.137793043478	0.16164	0.0	0.03460375	
0.00761704918033	0.0450285714286	0.00319	0.079042	0.0	0.0720317391304	0.06116875	0.0	0.0	
0.00159750819672	0.00993142857143	0.00716428571429	0.021464	0.00111333333333	0.00339043478261	0.00843125	0.00237294117647	0.01165625	
0.492694754098	0.380761428571	0.009995	0.114342	0.284531904762	0.186679130435	0.29724125	0.382417647059	0.24145625	
0.00459819672131	0.00745142857143	0.00124928571429	0.06703	0.0	0.0273417391304	0.0652575	0.00164323529412	0.0	
0.00133619672131	0.0148914285714	0.00375142857143	0.00564666666667	0.000128095238095	0.00376565217391	0.0058975	0.00272147058824	0.01201125	
0.559425278689	0.571097142857	0.0887964285714	0.07064	0.376843809524	0.36384173913	0.32501125	0.453921470588	0.2520025	
0.00646062295082	0.0	0.123824285714	0.051086	0.0	0.109683043478	0.1961375	0.00185794117647	0.0324375	
0.00656659016393	0.0464628571429	0.12919	0.0	0.0	0.11594173913	0.20216125	0.0	0.03539375	
0.00600773770492	0.0	0.173851428571	0.143104666667	0.0	0.124433043478	0.398095	0.0159126470588	0.03527125	
0.00656659016393	0.0	0.12919	0.0516466666667	0.0	0.114628695652	0.20216125	0.0	0.03539375	
0.010594557377	0.0450285714286	0.167282142857	0.164979333333	0.0	0.142325652174	0.3507475	0.0	0.0324375	
0.572048721311	0.567895714286	0.163445714286	0.282059333333	0.268763809524	0.24058173913	0.43992875	0.380492647059	0.26387625	
0.000131278688525	0.0008	0.00111857142857	0.014272	0.000622380952381	0.00105434782609	0.01815625	0.00110147058824	8.25e-05	
0.000103180327869	0.00076	0.00167285714286	0.00204466666667	0.000622380952381	0.000612608695652	0.01847375	0.00110794117647	0.0001175	
0.598282491803	0.505615714286	0.248532857143	0.107544666667	0.325078571429	0.359354347826	0.38450375	0.490425588235	0.3356375	
0.0109808196721	0.750382857143	0.0285014285714	0.100610666667	0.39069047619	0.324339130435	0.06279625	0.416313235294	0.32381	
0.434592590164	0.452135714286	0.0555942857143	0.213441333333	0.22592047619	0.168056086957	0.22039875	0.307605588235	0.24863375	
0.0174603278689	0.554282857143	0.311174285714	0.284507333333	0.359642380952	0.327740869565	0.06279625	0.455718823529	0.3498125	
0.00881757377049	0.0464628571429	0.129171428571	0.021456	0.0	0.136942608696	0.18933875	0.0	0.03539375	
0.011474557377	0.0450285714286	0.123824285714	0.079042	0.0	0.130726521739	0.15914875	0.0	0.0324375	
0.00646062295082	0.0450285714286	0.123824285714	0.0	0.0	0.123816086957	0.1988775	0.0	0.0324375	
0.00656659016393	0.0	0.12919	0.0516466666667	0.0	0.121147391304	0.20216125	0.0	0.03539375	
0.00656659016393	0.0	0.12919	0.0516466666667	0.0	0.112783913043	0.1866725	0.00385147058824	0.03539375	
0.595163836066	0.505615714286	0.419464285714	0.286478	0.297957142857	0.257937391304	0.6468325	0.555078529412	0.33588875	
0.00900895081967	0.0464542857143	0.174407142857	0.103302	0.0	0.148187826087	0.35961875	0.0	0.03538875	
0.00611973770492	0.0	0.164000714286	0.135171333333	0.0	0.118772608696	0.40350125	0.0152673529412	0.0293275	
0.598144131148	0.567141428571	0.378957142857	0.0841133333333	0.296416666667	0.256126521739	0.54342	0.472830882353	0.312945	
0.627197508197	0.567141428571	0.446696428571	0.0771166666667	0.300408095238	0.245406956522	0.5200275	0.527384411765	0.41057875	
0.00971593442623	0.0464628571429	0.12919	0.021456	0.0	0.13692	0.2020575	0.0159414705882	0.03539375	
0.592906163934	0.566812857143	0.297230714286	0.0839253333333	0.346452857143	0.28822826087	0.46995625	0.501910294118	0.35107375	
0.0161920655738	0.604867142857	0.0283028571429	0.318278	0.209700952381	0.325025217391	0.062785	0.379825294118	0.32090125	
0.00426639344262	0.200968571429	0.295363571429	0.00844533333333	0.0	0.251795217391	0.29336625	0.00101911764706	0.28506375	
0.0191118688525	0.585484285714	0.226982857143	0.296437333333	0.398512380952	0.300640434783	0.0609325	0.325605588235	0.23961	
0.00656659016393	0.0	0.12919	0.0516466666667	0.0	0.121133478261	0.20216125	0.0	0.03539375	
0.0102140983607	0.0450285714286	0.0348292857143	0.079042	0.0	0.0778347826087	0.16216375	0.000601764705882	0.0324375	
0.584155770492	0.635675714286	0.139347142857	0.194973333333	0.282983333333	0.230901304348	0.46604375	0.436914411765	0.26258625	
0.00656659016393	0.0	0.174447857143	0.143476666667	0.0	0.12489	0.4008825	0.0159414705882	0.03539375	
0.00656659016393	0.0	0.12919	0.0516466666667	0.0	0.114628695652	0.20216125	0.0	0.03539375	
0.526358393443	0.456767142857	0.096615	0.084264	0.287172857143	0.201532173913	0.47046125	0.398456470588	0.23776375	
0.0115850819672	0.0449457142857	0.128242142857	0.0804886666667	0.0	0.129593478261	0.1664425	0.00386970588235	0.03473125	
0.568941508197	0.338912857143	0.423702142857	0.457001333333	0.320191428571	0.28500173913	0.65613375	0.510509117647	0.39363625	
0.52189557377	0.411957142857	0.285674285714	0.249746	0.355166190476	0.416225217391	0.3086575	0.426264705882	0.29587875	
0.0064853442623	0.0	0.174360714286	0.143412	0.0	0.124791304348	0.40071125	0.0159352941176	0.03538	
0.00656459016393	0.0	0.129171428571	0.0516466666667	0.0	0.11581	0.20368	0.0159414705882	0.03539375	
0.00992757377049	0.0311171428571	0.123824285714	0.079042	0.0	0.134110434783	0.16346875	0.0	0.0324375	
0.506705967213	0.519781428571	0.175346428571	0.0542366666667	0.362948571429	0.322280869565	0.41599	0.432318529412	0.2048225	
0.457033508197	0.297041428571	0.460414285714	0.339419333333	0.315584285714	0.28277826087	0.56685125	0.436081470588	0.289985	
0.637536852459	0.624701428571	0.460414285714	0.231388666667	0.366846666667	0.362602173913	0.659485	0.58029	0.32775875	
0.575234688525	0.455284285714	0.285674285714	0.107544666667	0.365894761905	0.367877391304	0.38450375	0.432323823529	0.3437	
0.00034331147541	0.0162571428571	0.00506857142857	0.0	0.00110619047619	0.0152104347826	0.00470875	0.00255205882353	0.001245	
0.578339213115	0.561521428571	0.181449285714	0.0841133333333	0.344061904762	0.256187826087	0.470355	0.487939705882	0.35154875	
0.0102140983607	0.0450285714286	0.00306571428571	0.079042	0.0	0.072322173913	0.15885	0.0	0.0	
0.0	0.0	0.0	0.00196466666667	0.0	0.0	0.0	0.0	0.01664875	
0.0	0.0	0.0	0.0	0.0	0.0	0.0	0.0	0.2053625	
0.0	0.0	0.0	0.0	0.0	0.0	0.0	0.0	0.726965	
0.0	0.0	0.0	0.0	0.0	0.0	0.0	0.0	0.68516875	
0.0	0.0	0.0	0.0	0.0	0.0	0.0	0.0	0.7358125	
0.0	0.0	0.0	0.0	0.0	0.0	0.0	0.0	0.73028	
0.0	0.0	0.0	0.0	0.0	0.0	0.0	0.0	0.7357875	
0.0	0.0	0.0	0.0	0.0	0.0	0.0	0.0	0.7357875	
0.0	0.0	0.0	0.0	0.0	0.0	0.0	0.0	0.73031375	
0.0	0.0	0.0	0.0	0.0	0.0	0.0	0.0	0.19641375	
0.0	0.0	0.0	0.0549646666667	0.0	0.0	0.0	0.0	0.73504125	
0.0	0.0	0.0	0.0	0.0	0.0	0.0	0.0	0.73476375	
0.0	0.0	0.0	0.00727466666667	0.0	0.0	0.0	0.0	0.7070325	
0.0	0.0	0.0	0.048532	0.0	0.0	0.0	0.0	0.754365	
0.0	0.0	0.0	0.0	0.0	0.0	0.0	0.0	0.65989375	
0.0	0.0	0.0	0.00587733333333	0.0	0.0	0.0	0.0	0.1066225	
0.0	0.0	0.0	0.0	0.0	0.0	0.0	0.0	0.7027875	
0.0	0.0	0.0	0.0549646666667	0.0	0.0	0.0	0.0	0.75332375	
0.0	0.0	0.0	9.13333333333e-05	0.0	0.0	0.0	0.0	0.0593125	
0.0	0.0	0.0	0.0	0.0	0.0	0.0	0.0	0.7358125	
0.0	0.0	0.0	0.002418	0.0	0.0	0.0	0.0	0.09153	
0.0	0.0	0.0	0.0549646666667	0.0	0.0	0.0	0.0	0.63378125	
0.0	0.0	0.0	0.0	0.0	0.0	0.0	0.0	0.73028	
0.0	0.0	0.0	0.0484506666667	0.0	0.0	0.0	0.0	0.421295	
0.0	0.0	0.0	0.0549646666667	0.0	0.0	0.0	0.0	0.73597375	
0.0	0.0	0.0	0.0549646666667	0.0	0.0	0.0	0.0	0.73597375	
0.0	0.0	0.0	0.0	0.0	0.0	0.0	0.0	0.501435	
0.0	0.0	0.0	0.0	0.0	0.0	0.0	0.0	0.7358125	
0.0	0.0	0.0	0.0360146666667	0.0	0.0	0.0	0.0	0.2902375	
0.0	0.0	0.0	0.0	0.0	0.0	0.0	0.0	0.7348625	
0.0	0.0	0.0	0.0	0.0	0.0	0.0	0.0	0.73554375	
0.0	0.0	0.0	0.0	0.0	0.0	0.0	0.0	0.7358125	
0.0	0.0	0.0	0.0	0.0	0.0	0.0	0.0	0.7224475	
0.0	0.0	0.0	0.0	0.0	0.0	0.0	0.0	0.7357875	
0.0	0.0	0.0	0.0549646666667	0.0	0.0	0.0	0.0	0.7543725	
0.0	0.0	0.0	0.0	0.0	0.0	0.0	0.0	0.69137875	
0.0	0.0	0.0	0.0145606666667	0.0	0.0	0.0	0.0	0.76667375	
0.00322406557377	0.00594571428571	0.126007142857	0.092278	0.0	0.0724091304348	0.26355	0.000392647058824	0.03539375	
0.0	0.0	0.0	0.0	0.0	0.0	0.0	0.0	0.73575375	
0.0	0.0	0.0	0.0549646666667	0.0	0.0	0.0	0.0	0.76574125	
0.0	0.0	0.0	0.048374	0.0	0.0	0.0	0.0	0.71742625	
0.0	0.0	0.0	0.0549646666667	0.0	0.0	0.0	0.0	0.7534325	
0.0	0.0	0.0	0.0	0.0	0.0	0.0	0.0	0.71797125	
0.0	0.0	0.0	0.0	0.0	0.0	0.0	0.0	0.72715	
0.0	0.0	0.0	0.0	0.0	0.0	0.0	0.0	0.7358075	
0.0	0.0	0.0	0.0	0.0	0.0	0.0	0.0	0.73028	
0.0	0.0	0.0	0.0	0.0	0.0	0.0	0.0	0.7357875	
0.0	0.0	0.0	0.0	0.0	0.0	0.0	0.0	0.7358125	
0.0	0.0	0.0	0.0	0.0	0.0	0.0	0.0	0.70058625	
0.0	0.0	0.0	0.027664	0.0	0.0	0.0	0.0	0.71735875	
0.0	0.0	0.0	0.0	0.0	0.0	0.0	0.0	0.72880625	
0.0	0.0	0.0	0.0	0.0	0.0	0.0	0.0	0.71993375	
0.0	0.0	0.0	0.0	0.0	0.0	0.0	0.0	0.7358125	
0.0	0.0	0.0	0.0549646666667	0.0	0.0	0.0	0.0	0.33586125	
0.0	0.0	0.0	0.0	0.0	0.0	0.0	0.0	0.73024625	
0.0	0.0	0.0	0.0	0.0	0.0	0.0	0.0	0.28417125	
0.0	0.0	0.0	0.0162273333333	0.0	0.0	0.0	0.0	0.32478125	
0.0	0.0	0.0	0.0	0.0	0.0	0.0	0.0	0.7358125	
0.0	0.0	0.0	0.0	0.0	0.0	0.0	0.0	0.73504125	
0.0	0.0	0.0	0.0	0.0	0.0	0.0	0.0	0.5375175	
0.0	0.0	0.0	0.0549406666667	0.0	0.0	0.0	0.0	0.73504125	
0.0	0.0	0.0	0.0	0.0	0.0	0.0	0.0	0.7358125	
0.00346898360656	0.183631428571	0.571264285714	0.0413546666667	0.0	0.226949565217	0.49728875	0.000259117647059	0.28753	
0.0	0.0	0.0	0.0	0.0	0.0	0.0	0.0	0.73028	
0.0	0.0	0.0	0.0	0.0	0.0	0.0	0.0	0.64394125	
0.0	0.0	0.0	0.0	0.0	0.0	0.0	0.0	0.73028	
0.0	0.0	0.0	0.0549646666667	0.0	0.0	0.0	0.0	0.735035	
0.0	0.0	0.0	0.0	0.0	0.0	0.0	0.0	0.73504125	
0.0	0.0	0.0	0.0	0.0	0.0	0.0	0.0	0.5348275	
0.0	0.0	0.0	0.0162273333333	0.0	0.0	0.0	0.0	0.73003625	
0.0	0.0	0.0	0.0	0.0	0.0	0.0	0.0	0.73028	
0.0	0.0	0.0	0.0	0.0	0.0	0.0	0.0	0.76574125	
0.0	0.0	0.0	0.0	0.0	0.0	0.0	0.0	0.7350625	
0.0	0.0	0.0	0.0	0.0	0.0	0.0	0.0	0.76593625	
0.0	0.0	0.0	0.0549646666667	0.0	0.0	0.0	0.0	0.7543725	
0.0	0.0	0.0	0.0	0.0	0.0	0.0	0.0	0.73028	
0.0	0.0	0.0	0.0	0.0	0.0	0.0	0.0	0.723595	
0.000214131147541	0.0	0.0	0.0	0.0	0.0	0.0	0.0	0.71297875	
0.0	0.0	0.0	0.0549646666667	0.0	0.0	0.0	0.0	0.723665	
0.0	0.0	0.0	0.0	0.0	0.0	0.0	0.0	0.615865	
0.0	0.0	0.0	0.03442	0.0	0.0	0.0	0.0	0.30675375	
0.0	0.0	0.0	0.0142913333333	0.0	0.0	0.0	0.0	0.72842625	
0.0	0.0	0.0	0.0	0.0	0.0	0.001285	0.0	0.68331	
0.0	0.0	0.0	0.048448	0.0	0.0	0.0	0.0	0.42054125	
0.000214131147541	0.0	0.0	0.0	0.0	0.0	0.0	0.0	0.723595	
0.0	0.0	0.0	0.0549646666667	0.0	0.0	0.0	0.0	0.76667375	
0.0	0.0	0.0	0.0263933333333	0.0	0.0	0.0	0.0	0.76667375	
0.0	0.0	0.0	0.0	0.0	0.0	0.0	0.0	0.723575	
0.000214131147541	0.0	0.0	0.0	0.0	0.0	0.0	0.0	0.723595	
0.0	0.0	0.0	0.048422	0.0	0.0	0.0	0.0	0.76667375	
0.000183868852459	0.0	0.0	0.0549646666667	0.0	0.0	0.0	0.0	0.73597375	
0.0	0.0	0.0	0.0264	0.0	0.0	0.0	0.0	0.42054125	
0.0	0.0	0.0	0.0549646666667	0.0	0.0	0.0	0.0	0.42147375	
0.0	0.0	0.0	0.0549646666667	0.0	0.0	0.0	0.0	0.33279	
0.0	0.0	0.0	0.0	0.0	0.0	0.0	0.0	0.723595	
0.000127409836066	0.0	0.0	0.0	0.0	0.0	0.0	0.0	0.723595	
0.0	0.0	0.0	0.0549646666667	0.0	0.0	0.0	0.0	0.71321125	
0.0	0.0	0.0	0.0	0.0	0.0	0.0	0.0	0.73028	
0.0	0.0	0.0	0.0549646666667	0.0	0.0	0.0	0.0	0.71669125	
0.0	0.0	0.0	0.0162273333333	0.0	0.0	0.0	0.0	0.473975	
0.0	0.0	0.0	0.0549646666667	0.0	0.0	0.0	0.0	0.7543725	
0.0	0.0	0.0	0.0	0.0	0.0	0.0	0.0	0.73003625	
0.0	0.0	0.0	0.0	0.0	0.0	0.0	0.0	0.7168375	
0.0	0.0	0.0	0.0147393333333	0.0	0.0	0.0	0.0	0.29296875	
0.0	0.0	0.0	0.0	0.0	0.0	0.0	0.0	0.7361425	
0.0	0.0	0.0	0.0	0.0	0.0	0.0	0.0	0.7358125	
0.0	0.0	0.0	0.0	0.0	0.0	0.0	0.0	0.68247	
0.0	0.0	0.0	0.0549646666667	0.0	0.0	0.0	0.0	0.41232375	
0.000127409836066	0.0	0.0	0.0	0.0	0.0	0.0	0.0	0.723595	
0.0	0.0	0.0	0.0	0.0	0.0	0.0	0.0	0.73497125	
0.0	0.0	0.0	0.0	0.0	0.0	0.0	0.0	0.69123125	
0.0	0.0	0.0	0.0549646666667	0.0	0.0	0.0	0.0	0.42054125	
0.0	0.0	0.0	0.0	0.0	0.0	0.0	0.0	0.73028	
0.0	0.0	0.0	0.0	0.0	0.0	0.0	0.0	0.73590375	
0.0	0.0	0.0	0.0	0.0	0.0	0.0	0.0	0.69691125	
0.0	0.0	0.0	0.0	0.0	0.0	0.0	0.0	0.73003625	
0.0	0.0	0.0	0.0549646666667	0.0	0.0	0.0	0.0	0.7534325	
0.0	0.0	0.0	0.0	0.0	0.0	0.0	0.0	0.73003625	
0.0	0.0	0.0	0.0	0.0	0.0	0.0	0.0	0.73590375	
0.0	0.0	0.0	0.0	0.0	0.0	0.0	0.0	0.7358125	
0.0	0.0	0.0	0.0	0.0	0.0	0.0	0.0	0.69173625	
0.0	0.0	0.0	0.0	0.0	0.0	0.0	0.0	0.73028	
0.0	0.0	0.0	0.0	0.0	0.0	0.0	0.0	0.7358125	
0.0	0.0	0.0	0.0	0.0	0.0	0.0	0.0	0.73027875	
0.0	0.0	0.0	0.0	0.0	0.0	0.0	0.0	0.7358125	
0.0	0.0	0.0	0.0549646666667	0.0	0.0	0.0	0.0	0.7534325	
0.0	0.0	0.0	0.0549646666667	0.0	0.0	0.0	0.0	0.75197875	
0.0	0.0	0.0	0.0549606666667	0.0	0.0	0.0	0.0	0.754175	
0.0	0.0	0.0	0.0549646666667	0.0	0.0	0.0	0.0	0.7534325	
0.0	0.0	0.0	0.0549646666667	0.0	0.0	0.0	0.0	0.72967625	
0.0	0.0	0.0	0.0	0.0	0.0	0.0	0.0	0.7218875	
0.0	0.0	0.0	0.0549646666667	0.0	0.0	0.0	0.0	0.7534325	
0.0	0.0	0.0	0.0549646666667	0.0	0.0	0.0	0.0	0.7534325	
0.0	0.0	0.0	0.0	0.0	0.0	0.0	0.0	0.73590375	
0.0	0.0	0.0	0.0	0.0	0.0	0.0	0.0	0.72161625	
0.0	0.0	0.0	0.0549646666667	0.0	0.0	0.0	0.0	0.76670375	
0.0	0.0	0.0	0.0	0.0	0.0	0.0	0.0	0.73028	
0.0	0.0	0.0	0.0	0.0	0.0	0.0	0.0	0.73028	
0.0	0.0	0.0	0.0549646666667	0.0	0.0	0.0	0.0	0.76667375	
0.0	0.0	0.0	0.0549646666667	0.0	0.0	0.0	0.0	0.75333375	
0.0	0.0	0.0	0.0	0.0	0.0	0.0	0.0	0.71694	
0.0	0.0	0.0	0.0	0.0	0.0	0.0	0.0	0.73590375	
0.0	0.0	0.0	0.0	0.0	0.0	0.0	0.0	0.7358125	
0.0	0.0	0.0	0.0	0.0	0.0	0.0	0.0	0.73003625	
0.0	0.0	0.0	0.0	0.0	0.0	0.0	0.0	0.7358125	
0.0	0.0	0.0	0.0	0.0	0.0	0.0	0.0	0.63069125	
0.0	0.0	0.0	0.0	0.0	0.0	0.0	0.0	0.73028	
0.0	0.0	0.0	0.0	0.0	0.0	0.0	0.0	0.61604375	
0.0	0.0	0.0	0.0549646666667	0.0	0.0	0.0	0.0	0.71318625	
0.0	0.0	0.0	0.0	0.0	0.0	0.0	0.0	0.61604375	
0.0	0.0	0.0	0.0	0.0	0.0	0.0	0.0	0.7108875	
0.0	0.0	0.0	0.0	0.0	0.0	0.0	0.0	0.73028	
0.0	0.0	0.0	0.0549646666667	0.0	0.0	0.0	0.0	0.73597375	
0.0	0.0	0.0	0.0	0.0	0.0	0.0	0.0	0.71090375	
0.0	0.0	0.0	0.0549646666667	0.0	0.0	0.0	0.0	0.70451625	
0.0	0.0	0.0	0.00246866666667	0.0	0.00473391304348	0.0	0.0	0.23596	
0.0	0.0	0.0	0.00246866666667	0.0	0.00473391304348	0.0	0.0	0.2350275	
0.0	0.0	0.0	0.0	0.0	0.0	0.0	0.0	0.76574125	
0.0	0.0	0.0	0.0	0.0	0.0	0.0	0.0	0.76593625	
0.0	0.0	0.0	0.0162273333333	0.0	0.0	0.0	0.0	0.42054125	
0.0	0.0	0.0	0.00246866666667	0.0	0.00473391304348	0.0	0.0	0.23410875	
0.0	0.0	0.0	0.0162273333333	0.0	0.0	0.0	0.0	0.32413375	
0.0	0.0	0.0	0.0162273333333	0.0	0.0	0.0	0.0	0.71324	
0.0	0.0	0.0	0.00246866666667	0.0	0.00473391304348	0.0	0.0	0.2344575	
0.0	0.0	0.0	0.0162273333333	0.0	0.0	0.0	0.0	0.32413375	
0.0	0.0	0.0	0.0162273333333	0.0	0.0	0.0	0.0	0.32413375	
0.0	0.0	0.0	0.0162273333333	0.0	0.0	0.0	0.0	0.32413375	
0.0	0.0	0.0	0.0162273333333	0.0	0.0	0.0	0.0	0.32413375	
0.0	0.0	0.0	0.0162273333333	0.0	0.0	0.0	0.0	0.6939575	
0.0	0.0	0.0	0.0162273333333	0.0	0.0	0.0	0.0	0.326705	
0.0	0.0	0.0	0.0162273333333	0.0	0.0	0.0	0.0	0.331835	
0.0	0.0	0.0	0.0549646666667	0.0	0.0	0.0	0.0	0.42054125	
0.0	0.0	0.0	0.0549646666667	0.0	0.0	0.0	0.0	0.73504125	
0.0	0.0	0.0	0.0	0.0	0.0	0.0	0.0	0.42054125	
0.0	0.0	0.0	0.00246866666667	0.0	0.00473391304348	0.0	0.0	0.23849375	
0.0	0.0	0.0	0.0162273333333	0.0	0.0	0.0	0.0	0.32413375	
0.0	0.0	0.0	0.0162273333333	0.0	0.0	0.0	0.0	0.32413375	
0.0	0.0	0.0	0.0162273333333	0.0	0.0	0.0	0.0	0.33187125	
0.0	0.0	0.0	0.0162273333333	0.0	0.0	0.0	0.0	0.32413375	
0.0	0.0	0.0	0.0	0.0	0.0	0.0	0.0	0.7465925	
0.0	0.0	0.0	0.0549646666667	0.0	0.0	0.0	0.0	0.68254	
0.0	0.0	0.0	0.0	0.0	0.0	0.0	0.0	0.76574125	
0.0	0.0	0.0	0.0	0.0	0.0	0.0	0.0	0.70658125	
0.0	0.0	0.0	0.0	0.0	0.0	0.0	0.0	0.70520125	
0.0	0.0	0.0	0.0	0.0	0.0	0.0	0.0	0.7358125	
0.0	0.0	0.0	0.0	0.0	0.0	0.0	0.0	0.7358125	
0.000214131147541	0.0	0.0	0.0	0.0	0.0	0.0	0.0	0.71728875	
0.0	0.0	0.0	0.0549646666667	0.0	0.0	0.0	0.0	0.73597375	
0.0	0.0	0.0	0.0549646666667	0.0	0.0	0.0	0.0	0.6908625	
0.0	0.0	0.0	0.0549646666667	0.0	0.0	0.0	0.0	0.473975	
0.0	0.0	0.0	0.0549646666667	0.0	0.0	0.0	0.0	0.473975	
0.0	0.0	0.0	0.0549646666667	0.0	0.0	0.0	0.0	0.72845	
0.0	0.0	0.0	0.0	0.0	0.0	0.0	0.0	0.7348575	
0.00337904918033	0.16181	0.515117142857	0.110166666667	0.0	0.313243478261	0.42911375	0.00184882352941	0.2212425	
0.0	0.0	0.0	0.0549646666667	0.0	0.0	0.0	0.0	0.76667375	
0.00177370491803	0.14608	0.281973571429	0.0697613333333	0.0	0.151480434783	0.30819	0.00120411764706	0.06469	
0.0	0.0	0.0	0.0549646666667	0.0	0.0	0.0	0.0	0.723665	
0.00314718032787	0.197012857143	0.514906428571	0.110436666667	0.0	0.282304347826	0.4287575	0.00184970588235	0.20915125	
0.0	0.0	0.0	0.0549646666667	0.0	0.0	0.0	0.0	0.73597375	
0.0	0.0	0.0	0.0549646666667	0.0	0.0	0.0	0.0	0.7256275	
0.00355668852459	0.162101428571	0.514667142857	0.0926206666667	0.0	0.28316173913	0.4284075	0.00185058823529	0.2091775	
0.0	0.0	0.0	0.0	0.0	0.0	0.0	0.0	0.61604375	
0.0	0.0	0.0	0.0549646666667	0.0	0.0	0.0	0.0	0.73597375	
0.0	0.0	0.0	0.0549646666667	0.0	0.0	0.0	0.0	0.734655	
0.0	0.0	0.0	0.0549646666667	0.0	0.0	0.0	0.0	0.6741125	
0.0	0.0	0.0	0.0	0.0	0.0	0.0	0.0	0.7047925	
0.0	0.0	0.0	0.0	0.0	0.0	0.0	0.0	0.320405	
0.0	0.0	0.0	0.0162273333333	0.0	0.0	0.0	0.0	0.60209875	
0.0	0.0	0.0	0.0162273333333	0.0	0.0	0.0	0.0	0.32413375	
0.0	0.0	0.0	0.00246866666667	0.0	0.0	0.0	0.0	0.23455375	
0.0	0.0	0.0	0.016266	0.0	0.0	0.0	0.0	0.32413375	
0.0	0.0	0.0	0.0	0.0	0.0	0.0	0.0	0.28296375	
0.0	0.0	0.0	0.0	0.0	0.0	0.0	0.0	0.73504125	
0.0	0.0	0.0	0.0549646666667	0.0	0.0	0.0	0.0	0.3245925	
0.0	0.0	0.0	0.0549646666667	0.0	0.0	0.0	0.0	0.42054125	
0.0	0.0	0.0	0.0549646666667	0.0	0.0	0.0	0.0	0.723665	
0.0	0.0	0.0	0.0549646666667	0.0	0.0	0.0	0.0	0.7253825	
0.0	0.0	0.0	0.0484446666667	0.0	0.0	0.0	0.0	0.754365	
0.0	0.0	0.0	0.0549646666667	0.0	0.0	0.0	0.0	0.723665	
0.0	0.0	0.0	0.0549646666667	0.0	0.0	0.0	0.0	0.42054125	
0.0	0.0	0.0	0.0	0.0	0.0	0.0	0.0	0.68247	
0.0	0.0	0.0	0.0549646666667	0.0	0.0	0.0	0.0	0.42147375	
0.0	0.0	0.0	0.0549646666667	0.0	0.0	0.0	0.0	0.42054125	
0.0	0.0	0.0	0.0549646666667	0.0	0.0	0.0	0.0	0.69614	
0.0	0.0	0.0	0.0	0.0	0.0	0.0	0.0	0.7019475	
0.0	0.0	0.0	0.0	0.0	0.0	0.0	0.0	0.61604375	
0.0	0.0	0.0	0.054964	0.0	0.0	0.0	0.0	0.608605	
0.0	0.0	0.0	0.0549606666667	0.0	0.0	0.0	0.0	0.51757125	
0.0	0.0	0.0	0.016846	0.0	0.0	0.0	0.0	0.29723625	
0.0	0.0	0.0	0.0	0.0	0.0	0.0	0.0	0.74011875	
0.0	0.0	0.0	0.0	0.0	0.0	0.0	0.0	0.6606575	
0.0	0.0	0.0	0.0	0.0	0.0	0.0	0.0	0.73169	
0.0	0.0	0.0	0.0	0.0	0.0	0.0	0.0	0.73497125	
0.0	0.0	0.0	0.0549646666667	0.0	0.0	0.0	0.0	0.76667375	
0.0	0.0	0.0	0.0	0.0	0.0	0.0	0.0	0.2869775	
0.0	0.0	0.0	0.0549646666667	0.0	0.0	0.0	0.0	0.42054125	
0.0	0.0	0.0	0.0549646666667	0.0	0.0	0.0	0.0	0.73597375	
0.0	0.0	0.0	0.0	0.0	0.0	0.0	0.0	0.73028	
0.0	0.0	0.0	0.0	0.0	0.0	0.0	0.0	0.7348625	
0.0	0.0	0.0	0.0549646666667	0.0	0.0	0.0	0.0	0.754365	
0.0	0.0	0.0	0.00587733333333	0.0	0.0	0.0	0.0	0.08707125	
0.0	0.0	0.0	0.0549646666667	0.0	0.0	0.0	0.0	0.76574	
0.0	0.0	0.0	0.0	0.0	0.0	0.0	0.0	0.73003625	
0.0	0.0	0.0	0.0	0.0	0.0	0.0	0.0	0.73028	
0.0	0.0	0.0	0.0	0.0	0.0	0.0	0.0	0.73504125	
0.0	0.0	0.0	0.0	0.0	0.0	0.0	0.0	0.73028	
0.0	0.0	0.0	0.0	0.0	0.0	0.0	0.0	0.723595	
0.0	0.0	0.0	0.0549406666667	0.0	0.0	0.0	0.0	0.73504125	
0.0	0.0	0.0	0.0549646666667	0.0	0.0	0.0	0.0	0.66541375	
0.0	0.0	0.0	0.0	0.0	0.0	0.0	0.0	0.73028	
0.0	0.0	0.0	0.0	0.0	0.0	0.0	0.0	0.73003625	
0.0	0.0	0.0	0.0360146666667	0.0	0.0	0.0	0.0	0.29172625	
0.0	0.0	0.0	0.0549646666667	0.0	0.0	0.0	0.0	0.71808	
0.0	0.0	0.0	0.054962	0.0	0.0	0.0	0.0	0.73599	
0.0	0.0	0.0	0.0253106666667	0.0	0.0	0.0	0.0	0.1601025	
0.0	0.0	0.0	0.0	0.0	0.0	0.0	0.0	0.61604375	
0.0	0.0	0.0	0.0	0.0	0.0	0.0	0.0	0.73028	
0.000214131147541	0.0	0.0	0.0549646666667	0.0	0.0	0.0	0.0	0.73597375	
0.0	0.0	0.0	0.0549646666667	0.0	0.0	0.0	0.0	0.754365	
0.0	0.0	0.0	0.0549646666667	0.0	0.0	0.0	0.0	0.723665	
0.0	0.0	0.0	0.0549646666667	0.0	0.0	0.0	0.0	0.76667375	
0.0	0.0	0.0	0.0549646666667	0.0	0.0	0.0	0.0	0.76574125	
0.0	0.0	0.0	0.0549646666667	0.0	0.0	0.0	0.0	0.7167275	
0.0	0.0	0.0	0.0549646666667	0.0	0.0	0.0	0.0	0.73616875	
0.0	0.0	0.0	0.0	0.0	0.0	0.0	0.0	0.32368	
0.0	0.0	0.0	0.0549406666667	0.0	0.0	0.0	0.0	0.76574125	
0.0	0.0	0.0	0.0162273333333	0.0	0.0	0.0	0.0	0.71324	
0.0	0.0	0.0	0.0	0.0	0.0	0.0	0.0	0.7358125	
0.0	0.0	0.0	0.0549646666667	0.0	0.0	0.0	0.0	0.76574125	
0.0	0.0	0.0	0.0549406666667	0.0	0.0	0.0	0.0	0.7657225	
0.0	0.0	0.0	0.0264053333333	0.0	0.0	0.0	0.0	0.71324	
0.0	0.0	0.0	0.0	0.0	0.0	0.0	0.0	0.26103125	
0.0	0.0	0.0	0.0	0.0	0.0	0.0	0.0	0.28985375	
0.0	0.0	0.0	0.0549646666667	0.0	0.0	0.0	0.0	0.42147375	
0.0	0.0	0.0	0.0549646666667	0.0	0.0	0.0	0.0	0.735145	
0.0	0.0	0.0	0.0	0.0	0.0	0.0	0.0	0.73028	
0.0	0.0	0.0	0.0	0.0	0.0	0.0	0.0	0.73028	
0.0	0.0	0.0	0.0	0.0	0.0	0.0	0.0	0.73028	
0.0	0.0	0.0	0.0549646666667	0.0	0.0	0.0	0.0	0.71324	
0.0	0.0	0.0	0.0	0.0	0.0	0.0	0.0	0.736115	
0.0	0.0	0.0	0.0549646666667	0.0	0.0	0.0	0.0	0.723665	
0.0	0.0	0.0	0.0549646666667	0.0	0.0	0.0	0.0	0.42147375	
0.0	0.0	0.0	0.0549646666667	0.0	0.0	0.0	0.0	0.723665	
0.0	0.0	0.0	0.0549646666667	0.0	0.0	0.0	0.0	0.73597375	
0.0	0.0	0.0	0.00246866666667	0.0	0.00473391304348	0.0	0.0	0.23454875	
0.0	0.0	0.0	0.0549646666667	0.0	0.0	0.0	0.0	0.421505	
0.0	0.0	0.0	0.0549646666667	0.0	0.0	0.0	0.0	0.723665	
0.0	0.0	0.0	0.0	0.0	0.0	0.0	0.0	0.71968875	
0.0	0.0	0.0	0.0549646666667	0.0	0.0	0.0	0.0	0.73616875	
0.0	0.0	0.0	0.0549646666667	0.0	0.0	0.0	0.0	0.71994625	
0.0	0.0	0.0	0.0263993333333	0.0	0.0	0.0	0.0	0.76667375	
0.0	0.0	0.0	0.0549646666667	0.0	0.0	0.0	0.0	0.74374875	
0.0	0.0	0.0	0.0549646666667	0.0	0.0	0.0	0.0	0.73597375	
0.0	0.0	0.0	0.0549646666667	0.0	0.0	0.0	0.0	0.723665	
0.0	0.0	0.0	0.0549646666667	0.0	0.0	0.0	0.0	0.73597375	
0.0	0.0	0.0	0.0549646666667	0.0	0.0	0.0	0.0	0.723665	
0.0	0.0	0.0	0.0	0.0	0.0	0.0	0.0	0.73523625	
0.0	0.0	0.0	0.0549646666667	0.0	0.0	0.0	0.0	0.42054125	
0.0	0.0	0.0	0.0	0.0	0.00143652173913	0.001285	0.000252647058824	0.6223	
0.0	0.0	0.0	0.0549646666667	0.0	0.0	0.0	0.0	0.723665	
0.0	0.0	0.0	0.0549646666667	0.0	0.0	0.0	0.0	0.723665	
0.0	0.0	0.0	0.0549646666667	0.0	0.0	0.0	0.0	0.73597375	
0.0	0.0	0.0	0.0549646666667	0.0	0.0	0.0	0.0	0.73597375	
0.0	0.0	0.0	0.0549646666667	0.0	0.0	0.0	0.0	0.73597375	
0.0	0.0	0.0	0.0549646666667	0.0	0.0	0.0	0.0	0.723665	
0.0	0.0	0.0	0.0549646666667	0.0	0.0	0.0	0.0	0.73597375	
0.0	0.0	0.0	0.0549646666667	0.0	0.0	0.0	0.0	0.723665	
0.0	0.0	0.0	0.0549646666667	0.0	0.0	0.0	0.0	0.73597375	
0.0	0.0	0.0	0.0549646666667	0.0	0.0	0.0	0.0	0.73597375	
0.0	0.0	0.0	0.0549646666667	0.0	0.0	0.0	0.0	0.73616875	
0.0	0.0	0.0	0.0549646666667	0.0	0.0	0.0	0.0	0.754365	
0.0	0.0	0.0	0.0549646666667	0.0	0.0	0.0	0.0	0.723665	
0.0	0.0	0.0	0.0549646666667	0.0	0.0	0.0	0.0	0.723665	
0.0	0.0	0.0	0.0549646666667	0.0	0.0	0.0	0.0	0.73597375	
0.0	0.0	0.0	0.0549646666667	0.0	0.0	0.0	0.0	0.723665	
0.0	0.0	0.0	0.0549646666667	0.0	0.0	0.0	0.0	0.73597375	
0.0	0.0	0.0	0.0549646666667	0.0	0.0	0.0	0.0	0.70441125	
0.0	0.0	0.0	0.0549646666667	0.0	0.0	0.0	0.0	0.73597375	
0.0	0.0	0.0	0.0549646666667	0.0	0.0	0.0	0.0	0.76667375	
0.0	0.0	0.0	0.0	0.0	0.0	0.0	0.0	0.68516875	
